10
100 300
0 6 467
0 5 500
0 6 1724
0 1 1358
0 5 464
0 6 145
0 2 827
0 2 491
0 2 1942
0 4 1436
0 4 604
0 3 153
0 5 382
0 4 716
0 3 1895
0 6 1726
0 6 1538
0 4 1912
0 6 299
0 2 1894
0 6 1811
0 3 333
0 4 664
0 4 1711
0 6 868
0 6 1644
0 5 757
0 4 859
0 6 1741
0 2 778
0 5 1035
0 3 1842
0 1 106
0 5 942
0 5 648
0 3 1805
0 3 729
0 5 1350
0 1 1101
0 4 1548
0 4 623
0 1 1954
0 1 1840
0 5 1376
0 6 308
0 1 439
0 3 1323
0 6 1538
0 3 82
0 4 541
0 4 1115
0 2 1658
0 1 1930
0 4 306
0 6 386
0 6 745
0 3 1072
0 1 1829
0 6 1573
0 4 512
0 5 1290
0 6 636
0 6 767
0 4 1574
0 6 52
0 3 1150
0 4 1724
0 5 1430
0 4 191
0 2 1337
0 2 287
0 4 383
0 6 909
0 2 1758
0 6 588
0 3 946
0 3 1030
0 4 1168
0 1 591
0 1 1655
0 5 359
0 1 537
0 3 483
0 2 41
0 3 350
0 2 836
0 3 1020
0 1 21
0 1 1199
0 1 484
0 2 734
0 6 1999
0 1 1938
0 1 1788
0 2 467
0 3 893
0 1 483
0 6 421
0 1 617
0 2 1514
8 1902 1 17
9 2249 0
3 2798 0
9 2008 0
2 1666 1 90
5 988 1 94
7 1830 1 15
6 2458 0
3 2796 0
6 2734 1 90
10 1726 1 73
4 2038 0
9 2657 0
8 2104 1 16
9 3029 1 3
9 2872 1 29
9 2875 0
3 3256 1 43
3 1121 1 99
4 2951 1 100
3 2389 0
7 2600 0
6 2025 1 70
5 2466 1 90
7 2585 0
4 2570 1 89
6 2189 1 33
7 2721 0
5 2329 0
9 2425 0
3 2549 0
3 2145 0
7 2753 0
4 2438 1 80
6 1585 1 50
4 2500 1 94
8 2286 0
5 2282 0
7 2114 0
7 2671 0
5 1478 1 14
8 3262 1 13
6 3096 1 14
6 2646 0
9 1004 1 45
7 1474 1 62
9 1867 1 67
8 2439 0
8 2154 0
8 1227 1 50
8 2022 0
3 2787 0
6 2391 0
9 1220 1 78
5 2334 0
6 2159 0
6 2487 0
3 2177 0
4 2763 0
4 2985 0
7 2213 0
3 2099 0
9 2191 1 44
9 2061 0
5 1057 1 33
6 2142 1 32
5 2286 0
5 2187 0
7 961 1 75
6 2548 1 34
8 2667 0
5 2140 0
7 1428 1 25
9 2694 0
6 2371 0
5 2593 0
5 2018 0
4 2468 1 53
4 2926 0
4 2470 1 71
10 1617 1 44
4 1123 1 83
5 1457 1 78
6 1469 1 30
6 2902 0
3 2073 1 97
7 1784 1 26
7 2116 0
9 2011 0
7 1137 1 48
7 2924 0
7 3350 1 41
10 3151 1 1
4 2365 0
11 1025 1 1
10 1750 1 61
5 1096 1 9
8 1381 1 51
4 1522 1 85
7 2849 1 5
3 2350 0
5 716 1 57
8 857 1 27
4 861 1 70
7 2617 0
3 1085 1 97
3 729 1 30
2 796 1 33
11 1084 1 63
5 2972 0
4 1463 1 33
6 1135 1 12
5 2675 0
3 1254 1 43
4 959 1 76
7 1126 1 71
6 1350 1 84
10 693 1 2
9 1056 1 35
7 2705 0
9 2881 0
2 1355 1 42
6 2462 0
9 1178 1 25
2 1173 1 97
7 572 1 76
4 2017 0
5 2695 0
5 988 1 41
9 2497 0
8 2145 0
3 2651 0
9 2258 0
6 1105 1 93
2 1329 1 4
8 2292 0
6 1061 1 57
2 629 1 42
9 1101 1 75
5 713 1 84
8 2601 0
5 928 1 71
8 2075 0
4 2970 0
7 1003 1 5
3 863 1 7
6 740 1 90
7 2619 0
8 1318 1 5
8 2205 0
5 922 1 4
5 1148 1 85
4 2913 0
9 1046 1 13
7 1019 1 63
7 1365 1 45
3 818 1 9
7 632 1 24
6 2087 0
9 603 1 2
7 1469 1 1
9 1043 1 29
5 2943 0
6 549 1 64
9 2342 0
4 2221 0
9 2888 0
8 2949 0
9 2620 0
4 1283 1 37
6 2185 0
6 724 1 30
6 757 1 60
4 2955 0
7 2411 0
7 1049 1 2
5 2515 0
3 2075 0
6 2196 0
7 2426 0
3 904 1 30
9 2812 0
5 536 1 66
5 1494 1 15
6 2936 0
4 2355 0
6 1341 1 31
6 686 1 38
7 2662 0
7 916 1 54
4 2262 0
5 2303 0
8 648 1 57
8 609 1 14
6 2080 0
8 2050 0
8 1403 1 65
6 1402 1 10
7 782 1 49
8 2220 0
7 869 1 32
4 1119 1 9
6 1281 1 46
4 2685 0
6 2589 0
8 2037 0
7 1008 1 35
6 1015 1 94
3 558 1 70
7 617 1 65
11 830 1 16
8 2288 0
7 2085 0
4 2774 0
3 1041 1 52
8 1398 1 11
5 2977 0
6 2689 0
8 2941 0
9 528 1 64
6 2200 0
10 571 1 75
8 795 1 54
4 1129 1 77
6 2309 0
4 2080 0
10 1028 1 68
8 2421 0
8 2816 0
5 2666 0
8 840 1 65
11 1221 1 63
10 1402 1 16
9 2941 0
3 2423 0
4 2268 0
6 2907 0
6 636 1 13
6 2809 0
9 2290 0
7 2152 0
4 748 1 9
3 2131 0
11 1222 1 59
6 769 1 53
5 2423 0
7 2659 0
3 2196 0
8 522 1 59
8 2037 0
9 1102 1 59
7 2830 0
5 2278 0
4 2448 0
7 2315 0
9 2567 0
10 1397 1 19
11 730 1 17
7 729 1 59
9 2560 0
7 2655 0
5 2361 0
9 2146 0
7 2188 0
7 2663 0
4 975 1 22
8 2234 0
9 1057 1 65
11 1049 1 25
3 2923 0
9 1410 1 26
7 2337 0
8 1214 1 37
5 635 1 50
9 837 1 5
5 2970 0
4 2281 0
4 2373 0
8 2876 0
8 2572 0
6 2174 0
8 1441 1 12
4 1305 1 66
8 2450 0
10 666 1 65
7 2509 0
4 1089 1 74
5 2968 0
5 926 1 69
4 2774 0
6 2552 0
8 1264 1 96
6 2902 0
3 2474 0
7 1047 1 23
11 695 1 6
8 2343 0
10 1172 1 13
7 2912 0
6 915 1 9
150 300
1 4 1759
1 5 1204
1 3 319
1 5 1945
1 5 166
1 5 1367
1 5 1787
1 3 556
1 3 1447
1 6 283
1 3 1331
1 1 583
1 3 723
1 1 18
1 5 1220
1 2 182
1 1 1490
1 4 324
1 1 1677
1 4 1643
1 5 1677
1 1 1068
1 2 196
1 2 828
1 6 1426
1 2 697
1 3 703
1 6 1408
1 2 1508
1 4 238
1 4 443
1 2 501
1 1 1128
1 6 1650
1 4 1192
1 3 1869
1 4 1465
1 6 1713
1 6 634
1 3 972
1 1 901
1 3 1177
1 6 1770
1 1 364
1 2 590
1 4 237
1 2 179
1 6 169
1 6 42
1 3 182
1 1 1926
1 2 1670
1 3 1651
1 3 1213
1 3 1783
1 5 742
1 1 472
1 1 434
1 4 718
1 6 867
1 2 938
1 4 1257
1 5 614
1 5 458
1 4 63
1 3 807
1 5 1489
1 2 365
1 6 1586
1 1 1833
1 3 1330
1 3 928
1 3 433
1 3 766
1 2 1810
1 2 1837
1 5 1982
1 3 1352
1 6 1244
1 3 608
1 1 1647
1 3 1535
1 3 1264
1 6 1243
1 2 15
1 4 189
1 3 1812
1 1 1523
1 4 474
1 2 1891
1 3 1854
1 1 1697
1 6 1780
1 1 931
1 1 1340
1 6 899
1 2 483
1 1 1492
1 2 252
1 4 1560
1 1 1840
1 4 785
1 2 1540
1 2 791
1 1 1210
1 2 1578
1 4 971
1 2 73
1 4 1620
1 6 1826
1 5 1790
1 1 1578
1 6 418
1 6 159
1 6 924
1 1 380
1 3 1967
1 3 477
1 6 1370
1 4 196
1 3 1722
1 6 1019
1 4 1056
1 3 1163
1 4 1716
1 1 1452
1 6 954
1 4 862
1 5 1460
1 6 904
1 2 136
1 1 1198
1 3 387
1 5 1240
1 2 1006
1 1 241
1 1 1249
1 2 1758
1 4 1621
1 2 1296
1 5 1678
1 3 1579
1 3 1577
1 1 7
1 6 81
1 2 678
1 5 1753
1 2 1784
1 2 1093
1 1 172
7 2773 1 80
4 2677 1 92
6 2651 0
3 2446 0
8 1582 1 80
6 2779 1 20
6 3102 1 92
5 1108 1 91
9 2173 1 38
7 1177 1 84
7 1896 1 66
9 1161 1 129
9 2611 0
10 1493 1 21
4 2149 0
8 964 1 15
4 2896 0
5 2882 0
3 2364 1 32
3 2681 1 22
6 2823 1 59
5 1990 1 40
8 2455 0
3 2860 0
4 2429 1 149
6 1652 1 133
4 2752 0
5 2281 0
10 2132 1 48
11 1512 1 127
9 2074 0
8 2635 0
5 2153 0
8 3076 1 31
9 2801 0
7 2732 1 6
8 2210 1 62
3 2550 0
2 1833 1 88
8 1644 1 66
5 1877 1 13
2 2348 1 41
9 2032 0
6 2165 0
3 2293 0
4 2948 0
4 1075 1 17
6 2694 0
4 2109 0
3 1299 1 29
8 2684 0
4 2928 0
5 2390 0
4 1912 1 87
3 2271 0
5 1560 1 86
7 1359 1 68
9 2507 0
9 1649 1 25
7 2060 1 69
4 2042 1 112
3 2768 0
4 1656 1 51
8 2388 0
6 744 1 148
5 2987 0
6 2490 1 118
8 1618 1 66
4 2095 0
7 3114 1 65
7 2656 0
5 1508 1 81
7 1901 1 64
8 2079 0
7 2531 0
10 2596 1 114
8 2095 0
7 2720 0
6 2976 0
6 1916 1 22
6 2602 0
6 2410 1 91
7 1844 1 63
4 2251 1 3
3 2076 0
8 1235 1 91
7 3192 1 48
3 2400 0
7 1115 1 117
8 2706 1 69
8 2366 1 110
6 2240 1 13
7 2792 1 73
4 2368 0
7 2650 0
7 1568 1 10
10 1962 1 141
5 2653 1 42
5 2753 0
5 2102 1 88
9 3154 1 21
8 2063 0
5 2864 0
8 2005 0
4 2487 0
5 2323 0
6 2059 1 141
7 794 1 96
7 3075 1 40
2 2588 1 57
6 2323 1 47
7 3071 1 130
7 2965 0
7 1226 1 108
4 2671 0
6 2545 0
7 2838 0
3 2563 0
5 2801 0
6 2604 0
3 2914 1 98
4 1882 1 52
2 2001 1 22
4 1685 1 92
7 2271 1 66
5 2279 0
3 2654 0
11 1700 1 96
8 2339 0
3 2623 0
8 2724 0
9 2733 0
5 2130 0
6 2545 1 46
6 2489 0
9 1438 1 86
7 2224 0
9 3178 1 25
4 2855 1 106
4 2606 0
3 2297 1 33
7 2684 0
7 2744 1 134
10 1244 1 119
8 1318 1 28
5 2795 0
3 2685 1 94
9 2875 0
7 2074 0
7 2476 0
8 790 1 80
5 2591 0
9 739 1 141
10 1181 1 114
4 979 1 27
10 1498 1 69
5 1121 1 116
6 2722 0
7 2581 0
4 2891 0
7 743 1 85
9 2707 0
8 846 1 38
8 900 1 114
6 2162 0
7 2410 0
4 2260 0
5 1163 1 75
9 860 1 67
3 2811 0
7 1367 1 26
4 2063 0
9 2617 0
10 703 1 127
7 1136 1 71
3 905 1 57
5 2819 0
5 2531 0
3 2591 0
5 2915 0
8 1291 1 123
6 1142 1 126
6 2954 0
7 833 1 8
7 2103 0
5 771 1 73
7 2338 0
3 2047 0
7 2479 0
7 502 1 91
6 2895 0
8 2361 0
7 2699 0
7 2042 0
7 969 1 48
8 2913 0
6 2061 0
7 962 1 55
5 2069 0
8 574 1 53
4 2244 0
5 565 1 19
7 2773 0
7 1011 1 148
8 2498 0
7 2679 0
8 588 1 123
8 2850 0
3 2911 0
3 977 1 81
8 2178 0
7 1298 1 149
4 1383 1 58
5 2262 0
8 2022 0
6 1388 1 87
9 1198 1 93
6 889 1 66
3 503 1 32
4 2631 0
9 2630 0
6 2407 0
6 2681 0
8 2177 0
3 2459 0
6 2633 0
6 774 1 131
6 2203 0
8 2662 0
5 923 1 102
3 1203 1 41
2 1159 1 112
8 2651 0
4 709 1 41
6 558 1 1
3 1287 1 132
9 1004 1 100
8 2700 0
7 705 1 119
5 2459 0
4 2760 0
4 1114 1 132
4 661 1 97
3 2670 0
7 2555 0
9 1252 1 111
7 565 1 6
8 1259 1 35
7 2273 0
10 637 1 34
5 2211 0
4 2627 0
5 1379 1 99
3 1169 1 32
8 2449 0
4 943 1 24
6 2861 0
7 1316 1 118
9 2866 0
4 2223 0
6 2667 0
7 1311 1 131
9 2427 0
6 2599 0
6 658 1 57
7 2809 0
6 1318 1 41
7 589 1 27
4 2412 0
9 2676 0
6 1151 1 137
6 585 1 134
5 2686 0
9 1002 1 79
5 2424 0
4 2832 0
4 2646 0
8 2883 0
6 545 1 61
8 1020 1 56
3 751 1 85
4 2334 0
4 1474 1 11
9 2071 0
5 782 1 46
4 2573 0
9 1405 1 49
6 1039 1 143
8 2103 0
7 1358 1 90
2 699 1 95
4 2675 0
5 2773 0
3 2897 0
5 2203 0
8 901 1 35
5 2169 0
8 2939 0
8 1163 1 77
5 1481 1 125
200 300
1 6 862
1 1 448
1 4 684
1 5 1137
1 4 1993
1 3 944
1 2 821
1 3 643
1 5 677
1 6 1857
1 2 891
1 5 1623
1 4 72
1 2 841
1 6 1615
1 3 957
1 4 700
1 1 1093
1 2 1829
1 5 1227
1 3 224
1 5 274
1 2 885
1 3 170
1 5 629
1 3 1909
1 5 923
1 2 1400
1 3 193
1 6 1412
1 4 1767
1 6 677
1 3 704
1 1 1834
1 2 621
1 2 1734
1 3 542
1 5 86
1 3 1621
1 5 597
1 5 254
1 6 108
1 4 493
1 5 366
1 1 438
1 1 819
1 3 290
1 3 339
1 1 1808
1 1 1478
0 1 1787
0 4 74
0 1 827
0 5 1988
0 2 798
0 5 1002
0 2 104
0 3 1056
0 6 1833
0 3 1761
0 6 686
0 3 385
0 3 842
0 5 161
0 1 343
0 3 1187
0 6 1063
0 2 1934
0 4 656
0 2 1012
0 2 1959
0 4 738
0 3 124
0 6 7
0 5 951
0 2 489
0 5 1441
0 3 1013
0 5 855
0 1 1093
0 1 1402
0 1 1543
0 6 266
0 4 1275
0 1 532
0 4 1469
0 2 729
0 2 1892
0 4 1953
0 1 570
0 2 1472
0 2 494
0 2 440
0 2 262
0 2 607
0 3 360
0 6 1171
0 3 1947
0 1 523
0 2 489
0 5 1887
0 3 632
0 1 1739
0 3 522
0 6 160
0 4 705
0 2 1259
0 1 1687
0 4 42
0 4 45
0 3 1388
0 1 1154
0 5 1833
0 5 919
0 6 738
0 4 1776
0 3 314
0 1 1053
0 2 469
0 1 1722
0 1 1007
0 2 260
0 6 1793
0 5 717
0 4 1376
0 1 626
0 6 1334
0 5 171
0 3 964
0 3 866
0 6 664
0 4 1000
0 3 1100
0 4 1476
0 2 943
0 4 1789
0 2 1385
0 5 1434
0 1 1561
0 4 504
0 5 1888
0 5 157
0 3 1123
0 3 74
0 3 1837
0 2 1318
0 2 292
0 6 1832
0 4 461
0 6 1461
0 1 498
0 6 1291
0 1 179
0 4 317
0 1 1595
0 2 1936
0 4 1028
0 2 1909
0 6 1981
0 2 569
0 1 1883
0 6 1385
0 5 1230
0 4 681
0 4 310
0 1 1687
0 2 1477
0 4 764
0 5 1671
0 2 115
0 3 1311
0 6 1405
0 6 1171
0 1 740
0 1 1675
0 3 1790
0 4 998
0 3 1604
0 2 1631
0 3 388
0 1 718
0 4 259
0 6 609
0 4 1479
0 1 300
0 1 853
0 5 830
0 6 806
0 6 854
0 3 160
0 1 54
0 6 146
0 6 471
0 1 559
0 6 1421
0 3 366
0 4 685
0 3 1329
0 6 860
0 1 982
7 2240 1 107
7 1486 1 88
6 2540 0
9 2633 0
7 784 2 44 94
8 1538 1 141
3 1622 2 18 93
8 1637 2 131 14
6 570 2 190 29
6 3197 1 145
5 2120 0
8 2337 1 163
10 2582 2 114 12
5 2664 0
6 2762 0
8 2909 0
9 2624 0
6 1720 1 36
6 2456 1 63
9 2340 0
8 1282 1 1
6 1204 1 136
8 2008 1 138
6 3303 2 12 155
3 1450 1 94
9 2593 2 176 32
9 2040 0
2 2439 1 49
8 955 1 113
3 3915 2 158 49
3 2449 1 51
4 2099 0
8 2331 0
6 2796 2 51 27
7 912 2 164 29
4 1687 2 55 14
8 1830 2 178 38
4 2292 0
5 2444 1 49
7 2395 0
9 1678 2 109 12
6 2781 0
8 2828 0
8 2965 0
5 2715 0
7 1706 2 146 41
10 1758 1 101
6 1187 1 86
8 2504 2 36 61
9 2321 1 138
5 2995 0
8 585 1 143
8 2478 2 35 59
11 642 2 192 44
7 1036 2 25 94
8 2094 0
6 1992 2 38 51
10 3609 2 101 12
7 1119 2 196 17
4 2629 1 7
8 1266 2 114 24
3 2457 0
9 2531 2 159 48
4 2873 0
4 936 2 47 126
4 2929 0
6 1369 2 41 80
7 2550 2 1 108
6 2405 2 118 4
6 1523 1 40
3 3207 1 179
3 1326 2 45 55
9 2517 2 37 148
7 1411 1 62
7 2886 0
5 1717 1 57
7 2932 1 20
5 710 2 47 94
3 1000 2 100 45
8 2535 1 129
7 2543 1 169
9 2720 0
5 2625 0
6 2759 1 175
7 2014 0
7 917 2 33 52
6 2363 0
6 3309 1 91
3 2705 1 185
9 2248 0
8 2424 0
9 2859 2 78 15
5 1435 1 144
4 2892 0
6 1997 1 100
11 1634 1 150
3 1889 1 70
6 2238 0
10 1531 1 64
4 2245 0
3 2106 0
11 2303 2 22 59
9 2353 2 183 39
9 813 2 37 192
3 1311 1 14
4 1946 1 144
11 2464 1 150
3 2227 0
4 3419 2 28 156
4 2468 0
4 2411 0
6 2490 0
9 2132 0
6 769 2 73 37
5 2976 0
4 3027 1 53
4 2282 2 126 39
9 2544 0
5 1727 1 103
6 2586 0
6 733 2 29 180
4 2280 0
6 2062 0
9 2677 0
8 2785 0
9 1403 2 157 22
7 2694 1 17
7 2513 2 1 155
4 1472 1 16
4 2363 1 200
8 2304 0
9 2499 0
9 2612 0
6 3325 2 138 34
8 2300 1 84
8 2968 0
8 2322 1 133
3 2701 0
7 2246 2 41 88
7 1839 1 21
8 3065 1 98
6 2553 0
7 2286 0
5 923 1 76
11 1313 2 25 193
8 2731 1 56
5 2392 2 198 23
3 2338 1 118
7 2505 0
5 2251 1 200
6 1082 1 48
4 1854 2 29 139
6 1421 1 196
8 870 1 168
8 2326 2 147 10
6 2465 0
11 2020 1 10
6 2470 1 37
4 2013 0
8 1978 1 97
7 2090 0
4 2408 1 87
4 2736 0
4 2130 1 94
7 949 2 1 191
5 1696 2 7 130
6 2225 0
8 1734 1 117
8 3107 1 129
3 2079 2 46 107
9 2107 0
10 2104 1 79
9 2661 1 192
9 2996 0
9 2967 0
6 1195 2 47 63
7 1593 1 27
6 2690 1 151
4 3010 1 23
8 3579 2 39 113
5 1418 1 181
8 1406 1 62
5 2433 2 180 19
4 2526 1 85
8 2613 0
4 2642 0
7 2621 0
4 2129 0
8 1462 2 3 106
8 481 2 24 128
8 2827 2 17 89
6 2513 0
9 1254 1 72
5 462 2 13 185
4 1940 2 50 196
7 1243 1 17
3 1323 1 92
7 2055 0
11 1797 2 169 42
4 1658 1 175
8 1503 2 42 146
3 752 1 175
6 1466 1 125
7 1348 2 41 135
4 2509 2 19 92
11 971 1 192
3 2217 0
6 1022 2 25 65
5 936 2 76 47
5 1786 2 47 146
6 2901 0
2 1838 2 185 50
3 525 1 147
6 1989 2 11 177
8 2290 0
3 815 1 151
5 2760 0
8 1159 2 83 7
4 2790 0
10 616 1 67
5 1682 2 102 11
6 843 2 22 194
4 3026 2 81 39
2 1919 2 34 191
9 2146 2 40 184
8 1179 1 154
3 645 1 53
7 2318 0
3 1054 1 108
5 963 2 43 65
7 3160 2 97 34
2 3561 2 49 120
5 1092 1 122
3 2509 0
4 861 2 37 185
6 985 1 154
9 1528 2 168 9
5 1379 1 82
3 2033 2 50 76
4 2607 0
4 1046 1 129
6 2714 0
3 2338 0
9 2504 0
3 3127 2 18 156
5 2133 0
6 1055 1 137
11 752 1 131
5 1723 2 16 87
7 1949 2 39 182
4 570 1 19
6 1281 1 20
4 1089 2 99 48
4 1816 2 23 87
3 2844 0
10 985 1 41
9 1153 1 138
4 1644 2 2 143
5 2702 0
3 2275 2 93 49
10 2102 2 17 173
5 2683 0
8 1016 1 177
9 2283 0
9 1235 2 188 21
3 2735 0
8 2480 0
6 881 1 187
3 2345 0
5 3350 2 49 86
7 2609 2 37 89
10 565 1 193
8 886 1 97
3 2343 2 34 76
5 1290 1 176
11 990 2 38 199
8 1165 1 86
3 2360 0
8 1252 1 13
8 2525 0
8 2670 2 114 39
9 2145 0
6 808 1 40
12 2670 2 30 67
9 2477 2 60 32
7 2966 0
3 2024 2 45 137
7 2386 2 28 114
7 573 1 128
5 602 1 135
7 653 1 64
5 2495 0
6 2370 0
10 1333 1 97
3 1019 1 80
7 1941 2 172 45
4 2087 0
7 1215 1 197
5 757 1 154
9 3100 2 10 66
120 300
1 4 259
1 6 435
1 3 101
1 5 869
1 1 731
1 1 74
1 2 843
1 3 1316
1 1 511
1 4 1722
1 2 57
1 2 174
1 5 183
1 1 1295
1 1 983
1 4 1503
1 1 300
1 3 1480
1 3 1505
1 3 858
0 3 557
0 4 120
0 1 1656
0 4 1332
0 5 1182
0 2 1320
0 3 1074
0 4 1094
0 4 1364
0 1 1714
0 5 390
0 4 255
0 6 1467
0 3 231
0 6 880
0 3 128
0 5 720
0 2 91
0 5 1587
0 1 126
0 6 1159
0 5 1220
0 4 1314
0 5 147
0 3 134
0 1 751
0 3 1478
0 5 589
0 5 1976
0 5 90
0 6 1372
0 4 301
0 1 844
0 4 539
0 6 1827
0 2 186
0 3 1827
0 2 1623
0 2 514
0 6 1644
0 1 1669
0 5 1676
0 3 1952
0 1 1137
0 6 988
0 5 1288
0 1 74
0 6 1915
0 5 1656
0 3 1616
0 3 129
0 5 1984
0 1 1049
0 3 26
0 3 202
0 2 1416
0 6 552
0 4 755
0 6 844
0 3 1443
0 3 1999
0 1 121
0 2 1413
0 4 1793
0 4 60
0 6 1074
0 4 501
0 3 1208
0 6 1026
0 3 291
0 3 929
0 1 977
0 6 8
0 3 922
0 1 1137
0 1 1803
0 1 1912
0 2 1253
0 4 1299
0 5 902
0 3 369
0 1 729
0 3 438
0 5 1226
0 6 134
0 5 348
0 2 1503
0 4 1518
0 4 1437
0 2 1179
0 2 1144
0 2 961
0 2 576
0 3 645
0 5 972
0 5 196
0 2 1535
0 2 1229
0 3 1532
0 3 158
8 1055 1 21
7 1341 1 47
5 1292 1 95
8 1473 1 25
7 1235 1 63
7 321 2 3 85
2 2391 2 9 96
7 2197 1 110
11 924 2 4 93
9 2535 2 8 86
8 1185 1 80
8 2580 0
7 1139 1 81
3 1616 2 83 6
3 2105 0
4 2638 0
8 289 2 3 50
8 2538 1 28
9 2603 0
8 1961 1 27
6 2768 0
5 2396 0
3 2665 0
5 1077 2 38 20
4 1840 1 101
3 1778 2 113 15
5 2562 0
5 2235 0
6 2614 1 25
8 2767 0
5 1455 1 58
4 2273 0
4 2837 0
8 2886 0
9 2640 0
7 1254 1 2
11 2113 1 55
3 1440 2 98 6
8 2049 0
3 1470 2 14 38
10 608 2 2 22
4 2366 0
3 2718 0
7 2554 0
4 654 1 120
6 2792 0
8 2294 1 70
9 2583 0
6 2546 1 78
5 1467 1 21
8 2444 2 47 4
9 1086 1 116
11 1445 1 41
7 2385 0
7 2737 0
4 853 2 9 34
11 1930 2 65 4
7 2849 0
5 1442 2 11 88
7 2543 2 7 39
10 2107 2 16 77
7 3122 1 60
5 2971 1 70
6 2291 1 26
8 2794 0
7 2837 0
3 1463 2 111 17
7 2549 0
6 1554 2 18 74
8 2847 1 90
8 1425 2 28 1
9 3483 1 35
10 3285 2 60 16
8 3035 2 16 29
4 1458 1 71
5 2980 0
6 1060 1 85
3 2183 1 118
4 2214 1 21
7 424 2 3 32
3 3325 1 5
7 1865 2 7 100
4 565 2 17 71
4 2963 1 91
10 1434 1 69
4 1922 2 70 17
4 2858 0
8 1710 2 22 16
6 2582 0
7 1691 1 105
4 942 2 17 21
3 2537 0
6 2629 0
5 2166 1 75
7 2127 1 112
6 2994 2 119 8
3 1865 2 110 9
9 2394 0
3 1142 2 73 11
6 2392 1 57
5 1170 1 40
5 1622 1 30
4 1073 1 113
6 2342 1 1
7 1554 1 68
9 2606 2 2 63
9 2491 0
9 1544 2 18 93
8 2721 0
5 2828 0
6 2424 0
11 1845 2 2 25
7 2827 2 43 19
8 1627 2 50 19
10 1567 2 4 48
3 905 1 11
6 2047 2 56 10
7 2622 0
6 3007 2 63 20
9 2347 0
4 1921 2 14 21
7 1067 2 9 77
7 3116 1 89
10 1735 2 16 105
6 1832 2 18 71
6 1342 1 15
5 2301 2 20 83
10 3190 2 60 16
6 2632 0
5 2003 0
4 1314 1 102
5 2270 1 82
3 2645 0
8 2946 1 89
6 1765 2 5 115
5 2545 2 53 16
7 1564 2 26 13
7 745 2 2 40
7 2361 1 68
6 2140 0
8 1509 2 8 50
6 1493 1 23
6 2679 0
8 1949 2 10 22
2 1911 2 5 95
6 2542 1 78
4 2265 0
7 2360 1 116
3 752 2 38 9
7 1128 2 89 6
7 2365 2 96 2
3 2362 0
3 2454 0
6 1907 2 25 9
6 2856 0
6 2597 2 30 4
9 2448 1 105
4 2052 0
6 2953 1 7
6 2179 0
5 1489 2 22 14
8 520 2 13 34
6 1523 2 11 29
7 1325 1 120
8 1590 2 114 4
3 2027 0
7 347 2 22 3
7 1562 1 21
4 1167 2 82 20
6 1426 1 12
6 3572 2 81 19
3 2016 2 12 96
6 2471 1 90
9 2884 0
8 2479 1 2
5 1557 2 6 99
4 2194 0
8 2745 0
4 3380 2 30 18
6 1546 2 120 8
8 2795 0
2 1135 1 30
6 2748 0
9 2047 0
7 2749 0
7 2331 0
5 1382 1 9
5 1828 2 67 10
5 2859 0
10 898 1 39
4 2208 0
8 2147 0
6 1953 2 62 6
9 1135 1 93
8 2820 1 8
7 2212 0
3 2793 0
10 2660 1 13
8 1659 1 8
8 2094 1 37
3 2199 2 7 64
2 602 1 73
6 581 1 25
3 2632 0
9 2369 0
7 2437 0
10 626 2 31 13
5 1149 1 32
5 2993 2 18 26
8 728 1 49
7 1274 1 26
6 2884 0
8 1181 1 70
4 1046 1 91
5 921 1 34
4 1398 2 7 59
10 3096 2 16 33
3 836 1 11
2 1904 2 5 73
7 1226 1 66
5 3616 2 61 10
8 1202 1 43
4 1038 2 11 112
10 585 1 115
4 2282 0
5 211 2 11 74
10 1388 1 49
6 557 2 17 50
6 1470 1 103
4 2077 0
2 1809 2 9 64
7 767 1 22
3 2081 0
3 594 1 113
6 2121 0
6 2243 0
4 3455 2 96 18
8 892 2 3 37
7 1514 2 13 111
10 1022 1 49
7 848 1 27
5 1762 2 19 56
7 1027 2 20 22
7 581 1 47
9 2951 0
8 2110 0
6 2285 2 104 15
8 2906 0
7 2048 0
3 2658 0
8 531 1 94
8 2791 0
6 2987 0
9 1079 1 115
5 872 2 6 78
8 3165 2 10 24
8 3169 2 10 99
4 2212 0
3 2409 0
8 2662 0
7 3857 2 81 10
3 986 1 61
8 771 1 87
9 945 1 115
3 2827 0
8 746 1 42
7 2114 0
6 1074 2 4 40
3 2683 0
4 2795 0
7 1435 1 80
6 2207 0
6 2601 0
7 2718 0
9 972 1 104
5 2686 0
8 2702 0
8 1424 1 37
5 2309 2 76 20
9 2367 0
4 1020 1 96
9 758 1 108
5 2829 0
6 471 2 3 90
3 2342 0
8 2180 0
7 551 1 116
11 977 1 55
6 2882 0
6 385 2 3 36
4 2446 0
3 2684 0
9 2286 0
4 1962 2 94 15
10 1491 1 39
10 1067 1 49
8 2490 0
9 2773 0
4 2536 0
4 2539 0
210 300
1 2 167
1 1 1560
1 6 581
1 5 1606
1 2 784
1 6 1960
1 1 732
1 5 843
1 6 923
1 2 740
1 3 443
1 5 1919
1 2 112
1 3 1845
1 3 1556
1 2 1364
1 5 508
1 3 1338
1 4 1005
1 2 193
1 6 943
1 4 514
1 1 416
1 6 339
1 3 236
1 3 274
1 4 1740
1 6 183
1 4 828
1 4 437
1 5 577
1 6 722
1 6 1659
1 1 1368
1 5 1848
1 3 1290
1 6 458
1 2 106
1 6 1001
1 1 1770
1 4 507
1 4 1730
1 2 803
1 2 194
1 1 664
1 4 1048
1 3 280
1 4 1764
1 2 13
1 3 170
1 1 766
1 3 1416
1 6 377
1 2 537
1 2 432
1 4 105
1 1 1937
1 5 1914
1 2 1290
1 3 182
1 4 93
1 1 1846
1 5 1456
1 2 1714
1 4 41
1 2 74
1 1 344
1 2 1749
1 3 597
1 1 647
1 5 43
1 5 1592
1 4 1269
1 4 1139
1 1 1481
1 6 268
1 4 1666
1 5 806
1 2 290
1 2 1684
1 5 759
1 6 606
1 2 93
1 3 583
1 5 1557
1 2 12
1 2 869
1 2 1903
1 2 1791
1 3 149
1 4 118
1 4 1388
1 2 1711
1 4 1874
1 6 1125
1 6 370
1 2 1727
1 1 336
1 6 1221
1 3 1799
1 2 241
1 4 1712
1 6 1635
1 2 1830
1 1 1336
1 6 1032
1 5 1339
1 6 670
1 5 1868
1 6 1728
1 6 1537
1 5 1124
1 2 1354
1 6 1494
1 5 1865
1 5 700
1 5 1714
1 4 794
1 3 463
1 1 1748
1 6 1351
1 4 3
1 5 1280
1 3 1290
1 3 1858
1 3 553
1 2 1262
1 1 1649
1 4 1055
1 3 889
1 3 1552
1 4 640
1 3 46
1 2 1044
1 3 1936
1 4 1154
1 4 756
1 6 1391
1 5 1931
1 3 1079
1 1 1176
1 5 1269
1 1 1429
1 4 2
1 5 327
1 1 1760
1 4 1042
1 2 393
1 4 928
1 3 1284
1 3 798
1 4 201
1 4 88
1 6 1652
1 6 1750
1 5 1455
1 2 630
1 3 1531
1 2 1165
1 4 127
1 5 440
1 6 389
1 1 488
1 6 320
1 5 1821
1 3 3
1 5 722
1 3 1854
1 5 425
1 3 1818
1 3 120
1 2 488
1 5 341
1 1 500
1 1 222
1 1 1552
1 5 1516
1 3 1486
1 3 1737
1 6 1901
1 4 1967
1 1 265
1 6 1843
1 1 508
1 6 1858
1 3 121
1 3 586
1 6 1371
1 1 972
1 1 73
1 2 1281
1 5 1996
1 2 1451
1 4 804
1 4 333
1 1 504
1 4 1453
1 3 333
1 5 921
1 3 1370
0 4 88
0 4 297
0 5 1923
0 2 1343
0 3 1731
0 3 1648
0 6 253
0 2 1693
0 3 1451
0 3 1599
5 2212 0
6 2252 0
7 1531 1 110
3 2668 1 86
9 1295 1 8
5 2805 1 57
6 1896 1 124
9 2833 0
7 1982 1 26
4 2006 0
3 2751 0
6 1052 2 201 43
7 1037 1 132
4 2446 0
6 2242 2 202 104
9 2532 0
8 2439 0
7 2987 0
8 3007 2 205 142
10 1027 1 4
6 2615 0
7 2511 0
8 2943 0
8 598 2 202 61
5 797 1 61
10 808 1 154
3 2301 0
5 1183 1 160
6 1389 1 133
8 966 2 22 202
6 1789 2 186 210
8 2099 2 204 32
4 2505 1 15
3 2031 0
2 2932 1 105
2 1809 1 163
5 2919 0
4 951 1 101
7 2699 0
8 2591 1 156
10 2573 2 169 203
6 455 2 1 201
5 2136 1 152
7 2393 0
5 2624 0
7 464 2 201 25
7 2725 2 209 46
9 2682 0
6 805 1 40
6 2461 0
9 2660 0
6 2536 1 81
3 3636 2 208 146
7 1085 1 114
10 1531 1 95
8 2464 0
5 3339 2 15 208
6 2587 0
8 2024 1 155
8 3441 2 72 205
6 2565 0
7 2323 2 202 14
5 2670 0
8 2545 2 81 210
7 1026 1 77
6 3369 2 210 131
7 1190 1 148
5 2054 2 44 205
7 1441 1 102
11 2319 2 203 28
3 956 1 43
8 3858 2 208 6
8 2023 1 153
6 2618 1 35
4 2171 0
7 2267 0
7 2718 1 113
8 2697 0
9 669 2 202 173
5 3052 2 131 204
10 482 2 91 207
6 3204 2 210 131
7 2269 2 170 202
4 3104 2 210 75
3 2727 1 23
11 1241 1 106
9 2199 1 46
11 2574 2 3 203
6 2314 1 130
6 1825 2 166 205
6 2951 0
6 2918 2 205 140
7 2607 1 74
4 2368 0
6 2199 1 104
5 1219 2 51 202
6 2569 1 31
8 2202 2 96 208
5 2524 1 204
10 1949 2 154 201
6 1580 1 87
3 2159 0
4 2167 0
6 2930 2 140 206
5 2368 2 208 69
5 2605 0
7 2246 1 170
7 2656 0
8 2961 1 209
8 2606 0
9 2219 0
9 2599 0
4 2768 1 75
7 2321 1 153
3 3263 1 120
9 893 2 31 202
7 3833 2 208 12
4 1665 1 54
5 1205 1 205
4 1957 2 208 20
4 2638 0
7 1050 1 11
6 2761 1 16
5 3276 2 170 204
6 2444 0
7 2619 2 208 116
9 1992 1 96
5 2037 0
3 1583 1 2
3 2265 1 87
9 2967 2 149 203
3 2837 2 75 204
5 1845 2 205 13
4 2642 0
3 2547 0
7 2041 0
6 1993 1 158
5 2008 1 44
7 2149 2 145 208
5 2922 0
10 2484 1 162
7 2277 0
11 2159 1 82
3 2015 0
5 2029 0
9 689 2 17 201
9 2924 2 99 206
6 2803 2 204 197
6 1679 1 26
5 2456 2 43 206
9 2594 0
5 2886 2 209 113
4 1512 1 67
8 2946 0
8 2877 1 164
7 2679 0
4 2039 1 178
5 2628 1 191
7 2046 0
5 1885 2 49 206
8 1623 1 21
9 2758 2 95 209
7 3312 2 27 209
3 1251 1 34
4 2770 1 67
7 2883 0
8 3473 2 165 209
9 2820 0
9 1852 1 169
8 2359 0
7 1781 2 158 201
5 1040 1 166
4 2262 0
10 2078 2 207 42
6 2263 0
10 2829 1 32
5 2784 0
8 2360 1 27
11 2205 2 203 76
11 2721 1 154
8 3379 1 18
7 1892 2 206 56
3 2418 0
5 2024 0
6 2853 1 115
8 2584 2 209 199
5 3552 2 210 89
4 2370 2 7 209
7 3348 2 177 208
6 3470 2 205 15
9 2569 0
4 2827 0
5 1686 2 202 105
4 3118 2 204 68
5 2077 2 148 206
9 1644 2 202 107
5 2467 0
8 1438 1 138
7 2653 0
6 2062 2 104 201
7 3173 2 209 102
10 1790 2 197 207
5 2000 0
5 2145 0
9 2895 0
7 928 2 207 184
7 1804 2 144 210
3 2759 1 44
3 2421 0
8 3015 1 201
8 897 1 69
4 2499 0
5 866 1 46
6 578 1 135
3 2848 0
7 2757 0
9 1710 2 201 63
9 2197 0
7 2116 0
9 2624 0
8 1261 2 43 207
6 3586 2 203 2
6 727 1 48
8 2065 2 206 173
5 2049 0
7 1046 1 16
7 1948 2 201 14
5 723 1 193
5 1003 1 80
8 677 1 154
9 2913 0
4 1993 2 23 209
7 1426 1 29
8 2407 0
3 2205 0
7 717 2 119 201
7 902 1 68
3 2848 0
7 575 2 47 201
5 2010 0
8 2275 0
7 2855 2 206 147
9 2189 0
6 2044 2 209 126
3 2619 0
9 2696 0
7 2804 0
5 2627 0
5 1587 2 186 204
5 3491 2 135 204
8 1188 1 8
5 2959 0
6 640 1 157
5 2110 2 1 205
8 885 1 14
5 1929 2 210 1
4 2583 0
6 500 1 156
4 1138 1 113
6 873 1 147
11 2464 2 203 24
5 2478 0
3 2642 0
10 1354 1 8
9 2282 2 164 205
5 1347 1 51
7 3641 2 35 208
8 2890 0
3 2340 0
11 1314 1 24
7 1182 1 9
5 998 1 14
3 523 1 208
8 3117 2 208 138
7 797 1 46
9 2300 0
6 1710 2 204 195
5 1302 1 25
8 871 1 58
4 3033 2 210 34
5 1898 2 66 210
9 1439 1 149
5 742 1 113
7 732 2 25 202
5 1425 1 49
7 513 2 202 133
5 2645 2 5 206
6 1422 1 139
5 1980 2 60 208
4 843 1 80
7 2828 2 136 206
8 3367 2 36 203
4 2249 2 7 209
7 2724 0
10 1095 2 207 194
10 1328 1 192
7 2802 0
5 717 1 48
9 2672 0
5 2708 2 36 204
296 300
1 1 1723
1 6 1712
1 5 1469
1 1 1104
0 6 65
0 1 560
1 4 1945
1 6 842
1 4 158
0 1 1070
0 4 703
1 4 1460
0 1 415
0 1 1961
1 5 1667
0 6 817
0 6 1358
1 6 1086
1 1 246
1 6 282
1 1 1501
1 2 1273
1 5 1388
1 2 1338
0 4 639
0 5 1531
1 6 237
0 4 27
1 3 184
1 2 491
0 5 106
1 3 223
0 1 1125
1 6 946
0 3 1201
1 4 98
0 2 478
0 3 482
0 3 356
1 1 127
0 2 826
0 1 24
0 4 102
1 3 384
1 1 1635
0 4 1410
1 1 135
1 5 1354
0 5 1115
0 4 1074
0 1 881
0 5 424
1 2 702
1 1 20
1 6 979
0 1 7
1 6 1066
0 2 524
0 4 1629
0 4 1602
0 1 187
0 2 1188
0 5 1613
1 3 831
0 1 1659
1 2 117
0 3 1321
1 2 1738
1 4 1881
1 2 629
1 5 685
0 6 1249
0 3 8
0 2 672
1 5 1942
0 1 1008
1 6 1483
1 2 1705
0 3 1375
0 2 1934
0 6 224
0 4 1331
1 4 955
0 3 728
1 6 10
0 6 27
1 4 1252
1 3 269
0 6 130
1 6 1049
1 6 1011
1 3 1162
0 3 1215
1 1 455
1 6 1680
1 6 807
1 3 1092
0 2 1106
0 3 444
0 4 33
0 2 891
0 2 1887
1 1 28
0 1 297
1 5 1089
1 3 479
0 6 408
1 2 222
0 4 177
0 5 454
0 2 803
0 1 663
1 1 1492
0 5 249
1 4 493
1 1 771
1 5 888
0 6 967
0 6 519
1 3 1285
0 1 640
0 2 1465
1 3 1126
1 5 1546
0 5 1484
1 5 605
1 5 556
1 3 782
1 3 42
0 1 1279
0 4 306
0 4 590
1 4 1516
1 2 1017
0 6 681
1 1 575
0 5 1531
0 6 397
1 6 35
1 6 1743
1 5 396
0 4 673
0 2 1804
1 5 1626
1 4 1808
1 4 1707
0 5 942
1 3 961
1 3 1426
1 5 686
1 4 1365
1 3 502
1 3 716
0 4 388
0 6 1535
1 5 891
0 5 1834
1 4 1356
1 5 1528
1 2 300
1 1 131
0 2 1797
0 3 996
1 2 618
1 4 1460
1 1 1420
0 5 445
0 2 1370
1 3 110
0 1 707
0 4 479
0 3 126
1 1 1443
0 6 787
0 2 1569
1 5 130
0 5 1836
0 5 611
1 3 1030
0 3 1001
0 4 1406
0 6 1673
0 4 37
1 3 1049
0 3 718
0 2 690
1 3 1989
1 5 165
1 1 1569
1 5 1837
0 5 1388
0 3 1658
0 1 1832
1 3 1309
1 5 1721
1 6 1389
1 2 587
1 3 1438
0 1 1855
1 5 419
1 1 612
1 3 407
0 3 1748
1 4 1521
0 2 1087
1 6 1858
1 3 187
1 3 1925
1 1 320
0 2 1656
0 1 446
0 6 500
1 2 309
0 4 289
1 5 127
0 6 502
1 3 157
1 3 1803
0 5 288
0 3 1935
0 6 920
0 3 1048
0 6 1361
0 1 64
1 4 1392
0 5 1789
1 2 809
0 5 1774
1 1 456
0 5 1753
1 1 1720
1 6 1905
1 1 900
0 3 1827
1 2 1739
0 2 1680
1 6 792
0 2 359
1 2 1552
1 5 1979
1 4 1780
1 2 1794
1 4 925
1 6 361
1 4 1007
0 5 605
0 1 892
0 6 420
1 5 786
0 4 647
1 6 889
0 5 834
1 1 1048
1 2 166
1 2 941
1 2 245
0 4 373
0 3 703
0 2 941
1 5 710
0 2 788
1 4 1220
1 4 814
1 5 1997
1 5 917
0 5 1245
1 6 699
1 3 884
0 4 1413
1 6 1403
0 4 298
0 1 1245
0 5 815
0 6 1770
1 4 91
0 1 321
0 4 835
0 6 1796
0 1 1858
1 6 1580
1 3 1670
0 4 1166
1 4 598
0 6 1861
0 2 41
1 5 237
0 6 667
1 5 610
0 2 413
0 3 1306
1 1 1452
0 4 1500
1 5 535
1 4 102
0 6 1883
1 1 79
9 2000 0
6 2843 0
4 2734 1 120
3 1662 1 14
3 2257 0
4 1371 1 4
7 696 2 20 276
5 2802 0
8 910 1 71
4 2385 0
7 2628 0
6 2067 1 220
7 1207 1 214
3 2205 0
8 1746 2 8 74
6 1635 1 229
6 158 2 215 42
9 1923 1 188
8 2177 0
9 2584 0
9 2020 0
10 2291 2 138 146
10 1674 2 83 135
4 3336 2 130 187
6 2339 0
7 2304 2 168 156
3 1183 1 58
10 2534 2 206 142
3 2199 0
5 1983 1 60
7 685 1 203
9 787 1 245
4 2451 1 291
5 2035 2 45 214
7 389 2 5 209
6 1163 1 100
7 1858 1 137
7 2460 0
4 2274 0
3 1614 1 19
8 2192 0
6 1218 1 226
10 1200 1 215
6 1314 2 215 33
8 2224 0
6 2696 2 35 198
6 2987 2 236 87
4 2824 1 88
6 2099 2 149 99
8 1719 2 8 74
7 2554 0
7 1776 1 237
7 1484 1 284
6 900 1 195
9 2120 1 25
7 2072 0
3 2275 1 22
9 1228 1 34
4 2907 1 179
7 1790 2 261 265
9 421 2 5 29
7 2475 1 259
6 915 2 207 185
3 2891 0
6 1800 2 243 74
4 974 1 189
4 2985 2 123 199
3 2999 1 254
5 2415 0
11 1222 1 251
8 2899 0
9 2634 0
7 1199 2 245 172
9 542 2 44 5
8 2675 1 284
7 1531 2 73 133
7 2925 0
10 1953 2 141 26
5 2073 1 108
8 2886 1 207
9 1535 1 12
12 1930 2 139 274
5 2184 0
4 1273 2 40 180
6 1296 1 41
7 647 1 171
7 2698 1 134
11 2635 2 266 196
3 1981 2 65 254
11 2501 1 2
7 2039 1 175
11 2419 2 90 266
9 2698 0
6 2148 0
3 2498 1 102
7 2140 0
11 2001 2 49 8
4 2600 0
4 2801 0
5 1770 2 296 59
9 2811 0
6 3319 2 168 241
9 2605 2 17 92
5 2262 2 80 217
6 2490 1 289
10 2882 2 177 117
9 1565 1 191
4 2717 0
6 1256 2 30 250
8 1125 1 274
8 3077 2 59 225
9 2778 0
9 2784 1 260
3 1351 1 70
3 1615 1 80
6 2120 0
10 2357 1 237
11 1329 2 219 91
7 1598 1 225
4 1418 2 197 111
3 2293 0
7 2672 2 232 170
10 1914 1 273
7 2399 0
5 2468 1 243
7 2689 0
6 2000 1 178
4 2161 0
6 2519 2 259 204
2 2582 2 76 113
4 2339 0
10 2478 2 159 252
5 2916 0
9 2402 0
7 1301 1 214
7 2362 2 280 121
8 2744 0
4 1669 1 123
8 1288 1 82
4 2304 0
6 2855 0
8 2157 0
9 3248 2 295 194
8 2559 1 203
8 2800 0
3 2565 1 253
9 2257 2 232 172
7 1127 2 202 250
12 3504 2 2 274
10 1807 1 91
4 2139 1 247
7 3417 2 193 270
6 1598 2 25 255
9 1158 1 181
8 961 2 53 89
9 1813 2 263 252
11 4030 2 295 75
5 950 2 142 19
7 2591 1 290
12 335 2 5 27
7 1594 1 225
8 2415 0
4 1521 1 166
9 2444 0
9 2994 0
10 2849 1 216
7 2361 0
12 2044 2 16 91
6 1008 1 11
4 2188 0
7 1893 2 233 16
5 2241 0
5 2573 0
8 1603 2 30 118
3 1700 2 205 229
10 2568 2 196 50
8 605 2 214 275
5 1733 2 58 179
3 2325 0
9 2650 0
5 2298 0
7 2260 2 246 239
3 2022 0
5 1571 1 67
5 2925 0
3 1627 2 224 24
11 1858 2 252 251
2 683 1 112
9 2736 1 216
8 1490 2 237 58
7 916 2 29 11
5 2905 1 113
5 2073 0
5 2737 1 241
4 2343 0
4 2391 2 258 21
6 2032 0
7 2197 0
9 2833 1 288
7 2125 2 213 230
2 2186 2 209 199
9 3202 2 295 92
3 2437 0
9 2991 1 219
10 1903 1 156
9 2165 2 221 184
8 1631 1 115
7 2847 1 150
2 859 1 112
7 2588 1 16
9 2468 2 214 264
5 1683 2 93 213
5 2334 2 98 123
4 2051 0
9 1134 1 275
2 1608 1 103
7 2379 2 70 137
7 2360 2 16 173
8 1997 2 86 242
11 3122 1 16
6 1511 1 245
8 2242 0
8 2110 2 118 134
3 704 1 94
9 1943 1 158
4 1643 2 202 10
7 2069 2 12 99
4 2595 1 197
10 2095 2 176 226
4 2870 1 258
6 976 2 112 215
7 2964 0
4 2322 1 256
6 2897 1 52
9 3683 2 177 241
4 2001 0
8 1636 1 151
4 2381 2 24 101
5 2465 0
3 2706 0
5 2934 1 130
10 2955 2 144 49
11 2919 2 91 157
4 1659 1 199
6 2012 0
11 1698 1 139
8 1161 2 261 27
7 2566 0
8 2090 0
7 2604 0
8 2504 0
7 1899 2 123 132
5 3062 2 123 102
8 2755 0
10 2344 1 221
3 2782 0
7 1574 2 9 35
5 1621 2 224 151
2 3364 2 193 291
7 1416 1 178
9 2203 1 221
4 2435 2 70 162
6 1472 1 271
4 2445 0
8 2733 0
8 3006 2 133 269
5 1509 2 202 259
7 2203 2 141 162
6 2156 2 44 203
6 2465 1 51
5 2407 0
5 1828 2 65 294
10 2682 2 232 142
3 2694 2 231 111
3 2761 0
5 2937 2 180 68
3 2454 0
3 2266 0
9 2829 2 57 203
6 3715 2 231 177
3 2640 1 164
4 2412 0
8 627 2 141 172
6 2439 1 10
6 1127 1 36
6 2529 0
10 1468 2 150 178
3 2995 0
9 1203 2 293 171
3 2612 1 112
4 2034 1 199
11 2381 1 223
6 2026 2 217 203
9 2914 2 295 268
5 2294 0
4 233 2 169 224
6 2939 0
12 2447 2 17 91
9 957 2 44 107
5 2468 0
297 300
1 2 973
1 5 467
1 6 1491
0 1 333
0 4 499
1 2 940
0 1 411
0 3 1942
1 6 591
1 3 1486
1 3 86
0 2 1652
0 4 1760
0 6 1347
1 2 1862
0 1 1552
1 3 476
0 4 1293
1 6 635
1 2 1352
0 2 763
0 4 865
0 5 1004
0 2 1051
1 2 212
1 6 708
0 2 1462
0 1 374
0 1 823
1 3 1061
1 6 1988
1 1 1470
1 4 1772
0 6 330
0 5 175
0 4 527
1 5 938
1 3 1727
0 1 1240
0 2 1859
0 2 1707
1 2 667
1 5 597
1 3 1526
0 4 1870
1 6 1700
0 3 505
0 3 1560
1 6 1740
0 5 262
1 2 1463
0 4 804
0 2 1408
0 5 1247
0 6 152
0 4 1568
1 1 689
1 2 1711
1 3 1706
0 4 581
0 1 1714
1 3 1997
1 3 1948
0 3 994
1 6 781
1 3 444
1 4 1048
1 1 1258
1 6 779
1 6 127
1 5 1793
1 4 1078
1 3 1159
0 3 313
0 5 1773
1 4 824
1 3 1652
1 3 1418
1 6 676
1 1 1852
1 4 396
0 3 422
0 1 746
0 6 1526
0 1 1626
0 2 1863
0 6 378
0 1 807
0 2 27
0 4 1206
0 6 149
0 3 241
0 4 1361
1 4 1685
1 2 1545
0 1 812
1 4 952
0 1 688
1 1 1845
1 5 1945
0 3 93
0 3 1669
1 6 1420
1 2 678
1 3 1628
1 6 1056
1 4 456
1 4 898
1 6 345
0 2 1067
1 6 1041
0 4 1732
1 6 193
0 4 501
1 2 1006
0 3 150
0 5 98
0 1 129
1 2 1164
0 3 1639
0 2 1321
1 6 1058
1 1 29
0 3 608
0 4 763
0 6 1429
1 6 1187
1 2 406
0 6 70
1 3 639
1 3 174
0 3 1665
0 2 1705
0 2 888
1 3 498
0 5 1788
0 5 161
0 4 1224
1 6 1356
0 6 605
0 4 1174
1 4 992
0 4 1751
0 3 854
1 1 1718
0 6 923
0 5 938
0 5 1581
0 2 1024
1 6 1237
0 4 549
1 3 56
0 3 36
0 6 827
1 6 1836
0 2 908
0 5 601
0 1 613
0 2 307
0 1 375
0 2 1519
1 1 1266
0 1 1514
0 4 844
1 2 886
1 5 402
0 3 1659
1 2 494
1 3 1871
1 3 1304
1 5 1363
0 1 1536
0 1 275
1 5 849
1 4 750
1 4 1532
1 1 385
1 3 735
0 5 1110
0 3 1154
0 1 747
1 6 1227
1 5 1293
1 3 1634
0 3 1699
0 6 1465
1 3 856
1 5 1100
0 6 2
0 1 1933
1 5 1359
1 1 1208
0 5 282
1 5 1998
1 4 291
1 4 337
1 1 1357
0 1 1369
1 6 864
0 4 934
0 3 702
1 5 250
1 6 4
1 6 20
1 1 71
0 1 1605
1 1 1774
1 4 1661
1 2 1210
0 3 1450
0 1 730
1 6 13
0 2 1132
0 5 1914
0 3 1484
0 2 606
0 6 207
0 6 852
0 2 859
0 6 1881
0 2 1615
1 2 1861
0 3 1825
0 5 1743
0 5 1872
1 3 1662
1 6 800
0 2 504
0 3 822
0 4 1031
1 2 1559
1 4 1132
0 2 197
1 4 1172
0 3 982
1 4 655
0 6 362
1 5 774
1 3 1279
1 4 1490
1 1 1274
0 2 1508
1 5 1950
1 5 1734
1 5 954
1 3 1659
0 1 698
1 1 787
1 4 1983
0 4 100
1 1 1948
1 4 218
1 5 231
1 1 948
1 6 1439
0 3 407
1 2 1704
0 5 313
1 3 1209
0 2 442
1 5 1432
1 6 402
1 1 1450
1 2 1463
1 1 1500
0 1 1343
0 6 1107
0 3 475
1 5 469
0 5 410
0 1 1049
1 5 689
1 2 25
0 2 277
0 4 26
0 3 1702
1 3 1742
1 2 902
1 4 303
0 2 649
1 4 588
1 6 176
1 1 403
0 5 1047
1 1 627
0 1 291
1 6 1731
1 6 1813
1 3 1723
1 4 1398
1 4 1399
0 4 750
0 6 1323
0 1 1811
0 5 31
0 3 959
0 2 1053
8 1971 1 100
7 2362 0
6 1386 2 272 158
3 2569 0
9 1011 1 138
8 2326 0
5 1860 2 30 21
8 2272 2 147 170
4 1168 1 172
6 2677 1 240
8 2249 0
6 2534 2 10 144
5 2573 0
11 2462 1 267
8 2714 1 44
7 2532 0
7 2464 2 225 128
8 2107 2 196 13
9 2213 2 136 196
5 2662 0
6 3547 2 163 100
5 1186 2 236 28
9 1023 2 281 50
7 2052 1 150
6 2634 2 121 234
6 1643 1 22
2 1992 1 241
9 1152 1 87
6 2525 0
5 2118 0
5 1595 2 228 30
6 3492 2 56 257
3 2142 0
9 1427 2 272 60
5 1445 1 102
4 2101 0
9 2005 0
8 2289 0
6 2587 0
7 2845 2 185 97
5 2359 0
5 2846 0
6 1799 1 184
5 1684 2 42 64
9 3320 1 270
7 2668 0
8 2973 0
5 2296 2 274 62
5 2516 2 187 242
6 979 1 83
8 2893 1 23
7 329 2 153 195
8 2647 1 56
8 2780 2 257 218
5 816 1 98
4 2541 1 285
6 1380 1 61
8 2236 0
9 2572 0
11 2368 2 194 91
6 3674 2 12 249
5 906 2 229 273
7 2709 2 64 208
5 1703 1 5
4 2115 0
6 2003 2 107 121
5 2372 0
9 2315 0
9 2075 0
7 837 1 71
9 1674 2 64 79
6 3305 2 176 12
5 1308 2 97 173
8 839 1 23
9 2843 1 175
3 2575 2 198 115
7 2591 1 256
8 2435 1 178
8 2161 1 268
7 2976 1 19
5 2172 0
10 1735 1 154
8 2963 2 180 71
7 2460 1 13
4 2550 0
7 2668 0
11 2950 2 148 127
8 2072 1 37
3 2295 0
7 1602 2 297 269
9 1048 1 91
3 2088 0
7 3397 2 172 287
3 2730 2 20 266
7 1944 2 203 190
9 2541 2 154 10
11 2184 1 218
6 1344 2 233 142
7 3256 1 59
5 2500 2 247 94
7 2175 2 297 37
9 2323 0
7 2347 0
4 2222 0
11 1965 2 79 179
8 2069 0
7 1465 1 19
5 2366 0
9 2722 0
8 2859 0
5 2318 0
4 2842 1 83
7 1948 2 113 172
8 1940 1 136
6 2422 1 89
5 2017 0
9 2878 0
9 1738 2 270 234
2 2603 1 7
8 2617 2 46 219
4 1965 2 248 235
6 1457 2 274 234
9 2982 0
2 1541 2 254 160
6 1299 2 281 280
7 2116 0
11 1573 2 54 282
5 1202 1 47
9 2870 0
7 2032 1 81
5 2878 0
12 957 2 9 55
7 2614 2 209 54
10 2105 1 150
12 2461 2 293 111
8 2948 1 127
7 1438 1 279
4 2827 2 29 63
4 1918 2 228 20
5 2726 0
7 1884 1 178
8 462 2 159 70
10 880 2 109 36
8 1197 2 151 107
6 2795 0
6 2857 0
5 1819 1 201
4 3317 2 161 58
8 2268 0
6 2350 1 23
9 1948 1 255
8 797 1 19
6 3266 2 75 197
3 2299 1 251
3 2886 0
7 2302 1 11
8 2999 0
2 1335 1 16
8 1223 1 44
5 3337 2 290 294
7 2589 2 147 51
3 2829 0
6 1138 2 168 151
7 1964 1 152
4 1877 2 161 25
4 2303 0
6 3110 1 278
8 2812 0
6 2147 0
6 1847 1 123
8 1610 2 227 280
7 2001 2 17 18
9 1904 2 90 269
9 2198 0
5 2998 0
7 2979 1 56
6 2152 0
8 2372 2 26 161
12 856 2 218 203
9 2522 1 189
6 2723 0
7 1676 2 156 272
5 2214 2 164 241
7 2695 0
6 2484 1 96
6 2806 1 271
4 2317 0
6 2351 1 274
7 1140 2 237 285
7 1513 2 14 123
9 3691 2 33 225
9 2349 1 84
9 2994 0
7 1456 2 272 280
5 2581 0
10 3510 2 249 14
9 2075 1 46
8 1954 1 120
4 2612 2 277 88
7 2547 0
8 2899 0
9 2849 0
7 2737 2 232 215
7 2224 0
8 2409 2 226 157
7 2683 1 100
9 2847 1 36
5 2414 1 161
7 2674 0
3 2410 0
8 2105 0
8 2259 2 108 93
9 2328 1 230
7 2802 0
8 2336 0
5 1649 2 56 123
3 931 1 86
5 1463 1 82
3 2734 0
8 3198 2 31 297
4 2845 0
7 2032 0
11 2686 1 139
6 796 2 228 195
3 2814 1 89
4 3962 2 8 80
8 1340 1 189
6 1168 1 266
7 1951 1 72
2 2702 2 98 99
5 2119 0
2 2455 1 173
4 1779 2 286 10
6 2176 2 35 99
3 1679 1 219
8 2033 0
6 2158 0
4 1482 1 228
9 2376 0
4 2560 1 77
3 1973 1 159
6 2069 1 185
7 2936 1 90
4 2902 1 221
11 1655 1 69
3 1352 2 6 173
8 1742 1 290
6 2242 2 272 16
5 3261 1 259
5 1585 1 145
5 2710 2 105 110
4 2167 2 268 265
6 1821 2 137 263
4 1993 1 8
8 2748 0
8 2677 2 23 105
2 2736 1 266
8 2253 2 234 230
10 2426 1 282
5 1221 2 175 7
7 2661 2 37 221
8 2211 2 86 282
5 2434 0
5 3450 2 226 12
4 2524 0
7 2033 2 292 30
7 926 2 203 88
6 1280 1 296
8 1926 1 151
6 2961 0
5 2287 0
4 2455 2 105 88
4 2975 0
4 2098 2 28 289
10 1532 2 227 36
4 840 2 159 128
6 2851 0
3 1075 2 156 205
6 884 1 181
11 2702 2 225 69
7 788 2 98 203
3 2297 2 192 134
3 2971 0
4 2060 2 47 197
10 1248 1 113
9 1526 1 142
7 2789 0
7 2419 1 93
8 2331 0
4 2851 1 10
9 2968 0
7 1890 1 91
6 2969 0
7 2572 2 170 138
10 2075 2 45 113
7 2958 0
8 1920 2 149 227
9 2754 0
8 1167 1 108
4 641 1 135
298 300
1 2 487
1 6 1082
1 3 1322
1 6 357
1 5 1642
0 6 1302
1 1 851
0 5 339
1 3 39
0 2 1535
0 2 1110
0 2 575
0 2 760
1 6 1667
1 2 1883
1 6 1695
1 6 528
0 5 404
1 6 528
1 6 1852
1 3 73
1 1 404
1 4 1085
0 4 1022
1 4 1397
1 1 886
0 2 1689
0 3 153
0 6 1571
0 4 321
1 3 1198
1 2 471
1 5 1776
0 6 1205
0 3 1752
0 3 471
0 5 913
0 4 1394
0 3 980
1 2 1286
0 6 782
0 1 1941
0 1 1463
0 6 1805
0 6 481
0 4 118
1 6 1645
1 3 1322
1 5 703
0 6 160
0 6 1492
0 4 610
1 5 215
1 6 560
1 1 1703
1 4 1671
0 4 1338
1 5 1553
1 1 1935
1 6 1205
1 2 89
1 3 1126
1 3 520
0 2 1603
1 3 1061
1 2 1833
0 2 848
0 2 487
0 2 1907
1 1 275
1 3 118
0 2 458
0 4 1823
1 4 300
1 3 1936
0 3 1918
1 4 1203
0 3 709
1 2 461
1 5 1708
0 5 1015
0 1 1891
0 4 509
1 3 1202
1 3 460
0 6 1277
1 4 1918
0 2 268
0 3 516
0 5 473
1 6 601
0 2 1073
1 4 741
1 2 436
1 5 1964
0 6 593
0 2 590
0 1 1856
1 4 1882
0 6 1021
1 4 792
1 2 498
0 5 608
0 5 343
0 6 1585
1 4 203
1 6 201
0 3 1802
0 6 1638
1 5 215
1 4 212
0 2 1900
0 6 31
0 6 468
0 2 228
1 6 899
0 6 1872
0 1 1204
0 3 25
0 4 534
0 5 525
0 4 373
1 3 350
1 1 917
1 3 1981
1 1 1504
1 6 516
0 6 106
1 5 1251
1 4 897
1 1 1340
0 5 0
0 1 1225
1 3 198
0 4 394
1 1 1124
0 3 830
0 2 1979
0 2 1145
1 2 1195
1 3 1218
1 5 836
1 1 1450
1 6 1412
0 1 1727
1 2 1035
0 4 209
1 2 1519
0 2 1003
1 5 268
0 2 385
0 6 348
1 3 1596
1 2 1182
1 6 295
0 1 1976
0 3 522
0 4 1636
1 3 1989
0 4 1733
1 1 108
1 2 548
0 1 1393
0 3 1897
0 5 1420
0 1 935
1 2 1789
1 6 682
1 3 1725
1 6 226
1 3 568
0 2 1608
0 5 703
0 1 1284
1 4 486
1 3 1450
1 4 1951
1 4 1168
1 1 1995
1 1 188
0 4 1429
1 1 1053
0 2 958
0 6 56
0 6 1832
0 2 1867
0 1 1228
0 4 804
0 4 869
0 2 327
1 2 1498
1 4 1996
1 3 97
0 5 1442
1 1 1727
0 2 1729
1 6 1851
0 4 1086
0 3 1169
0 1 1521
1 5 614
0 4 1514
0 4 1328
0 4 1864
0 5 341
1 6 0
1 3 0
1 3 1847
0 6 263
0 6 252
1 1 1883
1 5 579
1 5 518
1 6 31
1 4 1303
1 4 160
0 4 283
1 3 1364
0 1 1460
0 5 495
0 2 548
1 3 354
1 3 1752
0 5 1109
1 2 1562
0 2 642
0 3 943
0 6 589
0 2 12
1 1 146
0 2 1741
1 2 145
0 4 480
1 5 379
0 1 886
1 6 1332
0 6 172
1 3 703
0 6 1505
1 4 434
0 4 1328
1 4 1335
0 4 313
1 6 907
0 5 662
0 2 1259
1 2 276
0 1 1325
0 5 1868
0 4 114
1 3 215
1 6 1458
1 3 1345
1 5 683
1 4 1834
1 6 1449
0 6 1023
0 2 252
1 3 1624
0 1 1352
1 3 1657
0 2 1499
1 5 1546
0 4 1681
1 6 181
0 5 395
0 6 997
0 4 692
0 2 1260
0 5 537
0 5 113
1 1 1669
0 2 448
0 3 39
0 5 1708
1 6 1006
0 5 1277
0 3 1912
0 2 1870
1 3 679
0 6 1683
0 6 523
1 1 702
1 3 645
0 3 835
1 2 636
0 5 886
0 3 1856
1 3 1336
1 4 1113
0 2 35
0 1 968
1 5 1865
1 2 882
1 4 224
1 1 491
1 3 748
0 5 1876
7 2784 0
8 2821 2 164 142
10 2058 1 20
4 1659 1 7
10 1852 2 239 295
10 2224 1 121
5 2248 1 93
11 1375 1 91
3 2789 0
6 2057 0
10 1102 2 210 101
7 2160 0
4 2274 0
11 1763 2 256 271
5 2142 0
8 2552 0
8 2546 0
8 2291 0
9 1292 1 99
8 2191 0
7 2935 0
7 2667 0
9 2288 2 224 23
8 2789 0
7 907 2 85 30
5 1985 1 124
8 2279 0
3 2168 0
3 2476 0
7 1890 2 251 202
7 2657 0
7 1307 1 86
9 2158 0
11 1801 1 2
9 2307 1 96
3 2658 0
12 1547 2 282 276
5 2506 0
8 2857 0
9 2333 0
7 2578 0
9 2495 0
4 2609 2 238 82
8 1887 2 54 246
8 1058 1 87
10 766 1 201
11 2899 1 19
8 2503 0
6 1354 2 70 287
5 758 1 130
4 2224 1 164
9 2874 2 129 181
9 1684 1 189
5 2485 0
9 2590 0
6 3518 2 59 194
8 2971 0
9 2735 0
4 2581 1 172
9 2988 2 76 276
4 2484 2 68 66
8 2345 2 93 181
5 2603 0
9 2163 1 189
8 1067 2 220 123
8 2363 2 162 281
7 2034 2 156 206
7 1446 1 130
7 3966 2 59 185
7 2483 0
9 2849 0
5 2528 0
7 2618 2 35 93
4 2059 2 171 43
4 2562 1 262
4 2210 0
5 2262 0
4 2771 2 31 163
6 3464 2 25 138
9 2474 2 284 281
9 2330 1 14
8 1760 2 74 57
9 2649 0
11 1764 1 45
7 3176 2 169 57
12 2561 2 45 20
6 3016 2 179 81
5 3373 2 223 10
9 1722 2 171 257
10 1030 2 49 271
9 2168 0
6 2482 0
3 3853 2 279 211
7 1016 1 37
3 2333 0
7 4067 2 138 95
6 2053 2 32 202
11 2625 1 152
9 2205 2 62 267
5 1876 1 193
8 2171 1 268
7 1771 2 229 58
7 2724 0
7 1734 1 220
7 2553 2 66 121
7 2334 2 170 82
10 1582 1 107
9 2296 0
5 2905 0
8 2213 0
2 3884 2 156 195
3 2749 0
10 527 2 74 237
3 2916 0
8 972 1 203
6 2476 0
8 3345 2 255 181
11 1754 1 257
9 2880 0
9 654 2 251 210
8 2247 0
9 1508 1 245
8 1332 1 297
9 2166 1 185
8 2949 1 207
7 2879 1 58
4 2750 0
4 1487 1 31
9 2124 0
5 2220 0
8 2817 1 109
4 2602 0
10 918 2 150 121
3 1650 1 200
7 2804 0
5 1867 1 202
11 2726 2 41 33
4 3393 2 218 82
10 1723 1 58
9 2959 2 117 65
5 2521 1 59
7 1887 1 68
7 2881 1 153
3 2284 0
7 2571 2 257 126
4 2586 0
9 855 2 36 4
8 2636 0
4 2023 1 258
4 1290 1 284
4 1788 1 153
6 2292 0
8 935 2 226 265
5 1902 1 137
6 2219 0
6 3194 1 157
8 2084 0
4 2610 2 13 66
3 2156 0
6 2134 0
4 2815 0
7 1395 1 6
6 2813 0
3 2629 0
3 2485 0
10 2267 2 104 33
3 3256 1 64
9 2384 0
8 2587 0
8 2459 2 268 56
7 2059 1 220
8 2725 1 132
9 2814 0
4 2293 0
7 2548 0
3 3203 2 195 246
3 2643 0
4 2071 0
8 2040 0
9 2426 0
4 2622 0
7 2297 1 48
6 2431 0
6 2335 2 188 191
3 1915 2 43 247
6 2682 1 192
3 2423 0
5 2030 0
7 2679 2 287 167
7 2643 0
8 2123 0
8 2644 2 183 252
5 2496 0
7 2245 1 267
10 2611 1 144
8 2112 2 177 250
9 2896 0
7 1263 2 32 103
4 3596 2 66 196
8 2434 1 245
10 593 2 265 135
5 1685 2 283 189
4 2213 0
8 1912 2 250 56
5 1757 2 268 182
7 2779 0
4 1203 1 180
9 933 2 168 274
5 2101 2 195 147
2 1541 1 174
10 2993 1 80
4 2991 0
8 740 2 184 102
8 2710 0
6 2436 1 260
8 1712 2 206 27
6 2297 2 83 225
8 2596 1 19
4 2989 0
5 1363 1 21
8 1434 1 25
9 1780 1 242
3 2552 1 55
2 1939 1 200
7 2741 0
11 1156 1 34
4 1827 1 246
8 2215 0
6 2035 2 177 229
11 721 1 113
4 2096 0
4 1416 1 235
7 1890 1 251
4 3280 2 289 42
5 2123 0
5 1339 2 32 285
8 2818 0
3 2184 0
5 2897 1 238
7 2974 0
10 2411 1 267
10 2308 2 249 234
8 3276 2 261 194
5 2699 0
3 2043 1 182
4 3189 2 225 64
9 1281 1 114
5 2534 2 36 15
8 2075 0
8 2532 2 181 130
8 2562 0
3 2530 1 291
8 2525 1 108
7 2062 1 208
3 2272 0
6 2562 0
7 2913 0
5 2743 0
7 2295 2 60 292
8 2331 1 36
9 2700 0
9 988 2 50 238
6 2682 2 235 33
9 3433 2 164 256
7 2735 2 136 105
6 1216 1 80
8 2367 0
5 2716 0
12 1544 2 113 252
5 2156 0
6 967 1 61
4 2696 0
7 1538 1 181
3 2523 0
7 2319 2 244 118
8 1721 1 83
7 2529 1 155
4 2677 2 82 280
4 2561 1 200
6 2592 0
5 2679 1 292
7 2522 0
6 2784 0
5 2311 0
7 1399 1 186
5 2267 0
7 2580 0
7 1643 2 18 154
5 2570 0
8 2837 0
7 1695 2 146 90
10 996 2 52 155
7 2518 0
4 2245 0
6 989 2 36 222
4 1351 1 225
3 1476 1 22
6 2948 0
4 2229 0
5 1501 2 182 135
299 300
0 5 206
1 1 929
0 3 953
1 4 139
1 4 1101
0 6 483
0 3 228
0 4 1601
1 6 1223
0 6 25
0 1 160
1 2 1404
1 1 1415
1 4 442
1 4 1117
1 4 1040
0 2 1527
0 6 1382
1 5 764
1 4 212
0 5 816
0 5 890
1 6 312
0 3 1553
0 4 900
1 1 570
1 3 468
0 5 1036
1 2 793
1 6 1131
1 4 1382
1 5 1728
1 1 183
1 3 1423
1 1 500
0 5 1424
1 4 469
1 1 293
1 2 333
1 3 572
0 6 1712
1 4 1696
0 1 362
1 6 1026
1 3 1965
1 4 1670
0 6 1526
0 6 664
0 3 1281
1 5 221
0 4 460
1 3 1783
0 6 1150
1 1 689
1 1 1919
0 5 1082
1 6 1232
0 3 617
0 5 111
1 3 1911
0 5 119
0 3 1275
1 4 873
0 2 1981
0 5 1543
1 2 1709
0 3 527
1 1 448
0 1 446
1 1 1406
1 4 1354
0 1 945
0 4 485
1 6 661
0 5 1788
0 6 337
1 5 314
1 2 1209
1 4 1162
1 2 824
1 2 524
0 2 352
1 6 1848
0 6 561
1 1 1191
0 5 1772
0 6 1559
1 2 904
0 2 1778
0 6 706
0 6 1565
1 2 1111
1 5 1464
1 4 989
0 2 1763
1 3 1550
1 3 739
1 6 1188
1 3 963
0 2 1921
1 5 1758
1 3 1016
1 2 386
0 1 1719
1 5 1452
0 5 1857
1 5 460
1 5 960
0 6 468
0 6 1225
1 6 1967
1 2 1334
1 5 1040
1 4 1592
0 3 1786
0 4 888
0 1 1574
1 6 18
1 1 1367
0 6 531
0 1 933
1 3 574
1 1 165
1 5 1811
1 1 1123
0 5 1817
1 3 346
1 1 377
1 2 581
1 1 91
0 4 1896
0 3 1356
1 5 1408
1 5 297
0 3 767
0 5 1381
0 6 1951
1 2 587
0 2 1027
0 3 390
1 2 1477
1 2 334
0 4 1662
1 1 1804
1 3 197
0 2 1357
0 4 825
0 1 53
1 3 1664
0 4 827
0 5 182
0 5 963
1 2 1438
0 2 789
1 6 641
0 5 1362
0 4 592
0 6 1446
0 1 999
0 1 1735
0 5 996
1 3 251
0 4 342
0 3 746
1 1 1129
0 5 105
0 3 1447
1 2 677
1 5 1669
0 5 1452
1 6 1065
0 4 1533
1 2 821
0 2 1601
0 3 511
0 2 1329
0 4 948
1 1 1126
0 3 444
0 4 1681
0 4 798
1 5 1584
0 2 1997
0 6 1457
1 2 1159
1 5 286
0 4 183
1 2 990
0 1 1639
0 3 1853
0 3 178
1 3 80
0 1 1801
1 4 1564
1 3 1477
0 2 1186
0 3 1395
1 5 1281
0 6 387
1 5 1678
0 1 1879
1 2 187
1 3 1382
1 1 700
0 4 554
1 4 74
0 3 1626
0 1 1564
1 3 436
1 3 1980
1 3 1820
1 4 1107
1 6 121
0 1 1049
1 6 1812
1 5 595
0 6 311
0 2 65
1 4 912
1 6 1790
1 1 1
0 6 390
0 1 114
1 1 732
0 1 394
1 4 293
1 1 1708
1 3 1947
1 4 181
0 1 1112
1 6 1627
1 2 1944
0 2 1740
0 6 1825
0 1 1409
0 6 843
0 1 862
1 1 16
1 3 358
0 4 423
1 6 622
0 6 1062
1 3 289
0 5 1538
1 6 1673
1 3 1037
0 1 1171
0 2 1682
1 3 1767
1 2 1960
0 4 1876
1 6 1338
1 2 453
1 4 695
0 2 1585
1 4 1732
0 3 1297
1 3 1230
0 4 837
1 1 175
1 1 199
0 5 871
1 1 982
0 2 58
0 3 300
1 6 229
1 4 275
1 3 1554
1 5 40
1 2 1371
1 6 445
0 6 1609
1 6 1352
1 2 653
0 6 115
0 4 56
0 4 1300
0 2 277
0 1 929
0 6 583
1 2 1214
0 2 632
1 4 282
0 5 10
1 1 203
1 4 1323
1 6 677
0 3 1374
0 6 1686
0 6 1072
1 2 822
1 6 421
1 6 898
1 5 742
1 5 1886
1 2 398
0 2 959
0 1 1168
1 4 804
4 2484 2 40 193
7 1798 2 99 181
6 2041 0
9 699 1 236
7 2792 0
8 3688 2 45 244
8 1286 1 267
5 2283 0
3 2237 0
6 2094 0
6 2263 0
4 2366 2 129 89
3 2017 0
8 2065 0
5 2123 0
8 2886 0
7 1482 2 57 11
9 3238 2 190 98
3 2001 0
2 1717 2 159 54
4 1557 1 160
9 2243 2 245 140
8 2449 2 14 251
9 2320 0
10 3260 2 170 101
6 2895 0
7 1385 1 161
6 2047 1 190
7 2681 0
11 1166 2 48 107
11 1541 2 252 151
6 2029 0
3 2128 0
6 2110 0
9 2104 0
5 3597 2 201 194
9 2652 2 108 8
9 2363 0
5 1143 1 286
9 2270 0
5 2109 2 150 85
8 3174 1 36
8 1640 1 91
9 2229 1 114
5 2016 0
8 2588 0
4 2774 1 176
3 1995 1 2
3 2411 1 261
2 1888 2 72 2
5 2323 0
7 994 2 237 118
4 1681 1 148
7 2115 0
7 2718 1 21
8 1832 1 31
5 2223 1 165
3 1219 1 168
6 997 1 151
11 3111 1 18
7 1352 2 77 297
6 2223 1 259
5 2659 0
9 2490 2 31 161
4 2257 1 125
8 2110 0
6 2197 0
9 1570 2 265 98
7 2014 2 287 298
8 2614 1 275
5 2775 0
9 2252 1 120
7 2531 2 201 271
5 1496 1 246
7 2705 0
4 1221 1 285
9 1245 2 283 22
3 2379 0
3 2378 0
4 2531 2 80 248
9 2748 2 124 181
3 2275 0
9 2184 0
4 1685 1 228
2 3327 2 70 193
6 2754 2 237 101
7 2658 0
5 1628 1 38
8 2736 0
10 1261 1 28
8 846 2 40 1
7 2371 2 157 268
5 2025 1 102
8 2550 0
9 2226 0
8 3446 2 126 268
7 1980 1 91
7 2105 2 194 175
9 1528 2 56 267
6 1420 2 278 94
4 2047 0
7 1677 1 86
9 3329 2 96 87
6 2306 1 150
8 2283 1 134
8 2905 1 156
6 1940 2 203 140
7 2439 1 60
2 1701 1 285
10 1967 2 126 269
6 2376 0
12 3096 2 220 53
5 2794 0
7 1504 2 264 133
3 2713 0
6 1974 1 202
5 2931 1 139
6 789 1 14
3 2638 0
5 2994 0
6 2427 1 219
5 1335 1 212
8 2797 0
6 1438 2 97 67
4 2129 1 135
3 2803 0
8 1377 1 239
3 2292 0
6 2230 0
4 2371 0
8 2990 2 98 255
6 2256 0
6 2953 0
7 2878 0
6 1724 1 277
6 2763 0
6 2748 0
3 2910 0
7 2755 2 245 214
12 3025 2 220 53
7 2721 1 256
4 1769 1 55
4 2740 0
9 3713 2 210 47
5 1281 1 168
4 2072 2 66 278
7 1358 1 79
10 2070 2 259 30
3 1586 2 39 298
11 1781 2 47 50
5 1490 1 42
9 1749 2 156 283
11 2903 1 90
11 1997 2 284 220
7 2607 2 197 5
8 2415 0
8 2382 0
9 2488 0
10 1796 2 177 155
7 2586 1 141
4 2695 0
5 1406 1 40
8 3570 2 295 24
9 1709 1 74
8 2959 0
7 2944 0
9 2642 0
12 2150 2 158 74
2 2302 2 193 35
3 2334 1 148
2 2350 1 148
7 1200 2 154 134
4 1839 1 121
10 2640 2 106 216
6 1018 1 21
7 2486 1 115
8 2123 2 110 291
3 1794 1 214
4 2024 0
11 1506 2 294 48
4 2420 0
7 2931 1 6
6 3287 1 169
4 3618 2 208 228
9 2073 0
9 1833 2 114 151
6 3199 2 227 156
9 1714 1 180
9 2795 0
4 2532 0
5 2917 0
5 2452 2 121 286
6 2920 1 54
7 1153 2 179 254
11 2850 1 252
2 1262 2 2 11
7 2706 0
10 2514 1 158
6 2590 2 70 28
6 2593 0
7 2436 1 17
8 2059 0
5 2939 0
8 1283 1 197
10 2515 2 42 48
4 2983 0
4 2425 0
6 2372 0
8 2324 0
10 3135 1 136
6 2084 0
9 2024 0
11 1543 1 120
5 1880 2 68 277
6 1797 2 11 105
4 2215 0
7 876 2 223 155
8 764 1 53
6 2210 1 209
9 1645 2 84 102
9 820 1 21
4 2614 0
7 2813 2 230 245
8 1621 1 113
12 2852 2 272 30
8 2104 0
8 878 2 264 287
6 1137 2 285 22
8 2097 0
2 1464 2 298 123
4 2696 0
5 2751 0
6 2365 1 17
10 2435 1 90
10 2375 1 231
6 2270 0
3 3335 2 183 178
8 571 1 140
2 909 1 208
8 3391 2 34 126
4 2620 0
9 2354 1 150
5 833 1 249
8 2593 2 96 152
6 779 2 151 26
5 2319 2 233 209
9 2911 2 236 228
12 2493 2 289 287
7 2303 0
3 2094 0
6 2296 0
7 2337 1 163
7 1069 2 63 191
4 2812 2 197 70
10 2294 1 199
9 2269 1 284
9 1043 2 243 48
9 2345 1 290
9 1752 2 172 269
5 1189 2 239 154
9 1969 2 94 152
4 2452 0
7 2139 1 188
11 1758 2 269 87
4 1615 2 81 139
9 2482 2 167 44
3 2340 0
9 2950 0
5 1356 1 175
9 2324 1 254
10 1566 1 98
9 2543 0
9 2151 2 21 79
9 2376 0
3 2269 0
8 2805 0
5 2784 0
10 3276 2 106 198
7 2228 0
4 2713 0
6 2455 1 26
6 2156 0
6 2338 0
5 1932 2 185 58
5 2376 0
3 2459 0
10 3494 2 220 143
9 2171 0
6 2482 0
4 1202 2 279 192
5 762 2 103 191
6 2920 0
7 2242 0
3 2063 0
6 2924 1 82
12 1778 2 252 76
9 2541 0
9 2367 1 220
7 2028 0
10 2931 2 147 111
300 300
1 6 528
0 2 414
1 3 1555
0 3 1497
0 3 1208
1 3 389
1 4 1697
1 2 1896
0 4 117
0 1 1410
1 6 303
0 6 7
1 1 415
1 4 1886
0 1 988
0 4 952
0 6 1964
0 5 347
0 5 1080
1 2 1940
0 4 1784
1 4 197
1 6 16
0 6 1866
1 5 1054
1 5 1369
1 2 1705
1 2 698
0 3 1451
0 2 70
0 2 1532
1 6 306
1 5 595
1 1 1490
1 2 737
1 6 1528
1 5 1252
1 4 351
0 6 1774
1 1 983
0 5 506
1 2 1280
0 2 1234
0 2 575
0 6 803
0 4 1830
1 4 830
0 2 871
0 3 1844
1 3 31
1 4 1540
0 4 726
1 5 1979
1 1 1264
0 2 451
0 6 1058
0 4 567
1 1 1105
0 1 465
1 6 1943
1 1 406
0 1 1577
0 2 1370
0 6 780
1 3 766
1 4 1435
1 5 1640
0 6 834
0 6 1214
1 1 689
0 1 244
0 4 542
1 4 1845
1 4 919
0 5 748
0 2 711
0 6 1795
1 1 1290
0 2 694
1 6 1875
0 1 415
1 3 882
0 2 1605
1 3 1822
1 2 1753
1 3 1709
1 5 1673
1 4 1276
1 1 434
0 4 1966
0 6 1116
0 3 1905
0 6 9
1 2 805
1 1 1466
1 6 767
1 1 1288
1 1 943
1 1 480
1 6 767
0 5 318
1 3 1793
1 2 249
0 3 18
1 5 1822
1 1 1408
0 2 182
0 1 1033
0 6 1496
0 3 1332
1 6 1212
0 5 195
0 2 150
0 5 1405
0 5 1539
0 2 758
0 3 826
0 6 1542
1 3 1147
1 1 1953
1 2 951
0 5 153
1 1 1122
0 1 1297
1 5 781
1 3 1746
0 6 1924
0 5 1938
0 3 1321
0 2 1559
0 5 1570
0 4 1032
1 4 1389
0 1 983
1 4 1575
1 2 61
1 6 1804
0 4 371
0 4 1430
0 4 348
0 4 1609
1 2 1642
0 5 1960
1 6 639
1 4 1968
0 5 1416
0 6 629
1 4 950
0 6 1589
0 2 1393
1 1 978
1 3 24
0 3 1629
1 2 713
1 5 507
1 6 1182
0 4 74
0 2 87
1 1 1488
1 4 397
1 3 314
0 3 603
0 4 1940
0 5 1987
1 1 82
0 4 509
1 1 1412
0 1 1126
1 3 1448
0 5 1975
1 1 646
1 4 1049
1 6 367
1 1 373
1 3 1619
1 3 1215
1 2 6
0 4 507
1 2 1957
1 1 1396
0 5 499
0 6 1127
1 2 1445
0 3 1161
1 3 1660
0 1 1240
0 3 1551
0 5 48
0 3 839
0 2 142
1 4 1543
1 2 56
0 2 1091
1 6 707
0 6 416
1 4 1579
1 3 118
0 3 313
0 6 826
0 6 101
0 6 1785
1 2 1238
1 6 1468
1 2 647
1 2 673
1 4 1837
1 3 1507
0 4 1900
1 2 1616
1 2 350
1 3 91
1 3 986
1 5 1307
0 2 0
0 2 1931
0 3 1005
0 4 1757
0 4 1868
1 5 326
1 2 1200
1 4 93
0 4 221
1 3 879
1 5 28
0 2 763
0 5 1047
1 1 844
1 6 101
0 1 353
1 6 1733
1 4 592
1 2 1379
1 4 136
0 5 950
0 1 1634
0 3 1006
1 5 1192
1 4 1274
0 6 1889
0 6 477
1 6 1061
1 2 392
1 6 1389
0 5 495
1 1 1670
1 1 963
0 2 766
0 1 699
0 3 776
0 3 46
0 3 1160
0 4 1828
0 4 1683
1 6 797
0 4 1697
0 2 160
1 6 1819
0 5 1646
1 2 98
0 2 1275
0 3 938
1 6 1335
1 5 285
1 2 391
0 3 1964
0 4 1216
1 4 831
1 4 646
1 5 956
0 5 851
1 3 134
0 6 394
1 1 1662
1 5 163
0 1 4
0 1 748
1 5 1772
0 6 666
0 2 149
1 2 1659
1 2 324
1 4 534
1 2 1405
0 2 1479
0 6 1826
0 1 1734
1 1 70
1 2 109
1 1 1035
1 2 1537
1 4 73
1 3 1636
0 1 858
1 3 311
0 2 731
1 3 1001
1 3 1486
0 4 684
1 4 74
0 1 1672
2 1428 2 246 229
6 1105 2 171 18
3 2169 1 171
3 2501 0
4 2808 0
3 1374 1 229
3 2956 0
4 2632 0
3 2478 2 225 159
8 2947 2 37 187
3 1450 1 209
5 2099 2 166 34
6 2128 0
8 1074 2 278 264
8 949 2 281 240
5 2285 0
6 3385 1 28
8 2841 0
8 2464 0
3 1341 2 58 190
9 2308 2 208 219
8 2037 0
5 2334 0
5 3199 1 264
4 2138 0
7 2397 0
4 2206 1 209
8 2673 2 68 142
5 2015 1 132
5 1432 1 88
3 3442 2 27 286
7 1494 1 169
4 1406 1 283
7 2175 1 32
5 1460 1 267
6 3716 2 49 185
5 2419 0
3 2353 0
4 2201 0
8 2173 0
6 909 2 166 281
5 3624 2 297 215
5 2505 1 89
9 2026 0
10 2771 2 278 145
8 1508 2 100 44
8 2622 2 285 154
5 2102 1 217
6 2948 1 223
7 2080 0
9 2130 1 270
7 1756 1 290
6 2563 1 275
6 2025 0
4 1653 1 116
4 2318 1 153
10 1820 2 72 241
5 2383 2 65 284
6 1888 1 126
5 2989 0
7 821 2 275 96
4 2308 2 180 189
10 3087 2 266 257
8 1531 1 46
9 2648 0
7 2281 0
9 2970 1 32
4 2201 1 8
4 2791 0
5 1460 2 44 65
3 1870 2 89 43
8 2702 0
7 2480 1 194
11 2171 1 56
5 2080 2 90 165
5 1496 1 3
6 2943 1 103
8 2594 0
7 2501 2 297 16
6 2465 1 261
3 1028 1 260
6 2255 0
4 1665 2 177 83
3 2976 0
9 2892 0
5 2468 2 171 141
7 2212 0
6 2482 0
7 2483 0
11 2573 1 240
9 2065 1 75
10 1852 2 263 115
8 2154 2 127 177
11 2376 2 272 105
4 2924 0
7 1425 1 281
2 2073 2 108 246
9 2617 0
7 1503 1 118
5 2362 0
6 2196 0
5 2463 0
11 1672 1 147
5 2895 2 215 223
5 1214 2 82 190
8 2923 0
5 2692 0
6 1764 1 220
8 2146 1 140
8 2253 2 194 150
8 2249 0
9 2245 2 102 272
3 2129 0
6 1883 2 174 146
6 2611 2 179 57
7 2249 1 23
6 1378 2 113 172
8 2653 2 26 184
9 2172 0
6 3050 1 221
8 1879 1 231
7 1001 1 294
8 2436 1 244
6 668 2 160 158
5 2861 0
5 1922 2 153 136
8 2825 0
4 2204 2 70 29
6 1989 1 41
3 2383 1 177
5 2913 1 300
6 2710 2 269 286
8 2620 0
8 1688 2 254 116
5 1165 2 82 279
9 613 1 17
8 2116 0
7 1392 1 12
7 2130 1 36
6 1453 1 70
7 2432 1 195
6 2375 2 247 191
3 2726 0
10 2694 2 132 203
6 2770 0
2 1921 2 289 293
8 2051 1 191
6 1918 1 85
10 2295 2 19 25
5 1378 2 261 242
7 1866 1 52
4 2420 0
8 2256 0
7 1841 1 164
11 3887 2 170 230
5 1914 1 287
6 1102 1 13
7 2528 0
8 2586 0
8 1116 1 207
6 949 1 282
5 2365 0
7 655 2 288 18
8 3898 2 179 201
5 531 2 81 299
7 1207 1 238
3 2236 0
7 1823 1 94
7 2015 1 252
7 2406 2 110 172
4 1254 1 117
6 2353 1 44
11 1986 2 68 269
4 1424 1 259
2 3030 1 34
4 2260 1 261
7 1172 1 156
3 1504 1 85
8 2850 0
8 2200 1 294
3 2158 0
8 2345 0
6 2744 1 279
8 2163 0
10 2811 2 278 145
3 1454 2 55 40
5 3026 1 97
7 2694 0
5 2340 0
7 2059 2 222 292
6 3978 2 120 170
8 446 2 222 221
3 2020 0
8 2249 0
6 2083 0
6 2884 1 185
9 1253 1 36
7 1224 1 262
7 1745 1 262
8 357 2 112 211
9 3101 1 68
10 3838 2 21 60
7 2439 0
7 2826 0
7 2260 0
8 3013 1 49
3 2010 2 13 284
7 218 2 279 224
3 2659 1 78
8 2266 0
7 1494 1 128
8 1836 1 56
7 2896 2 124 243
7 1183 2 278 13
9 2659 0
9 2446 0
4 1781 2 190 290
10 2703 2 56 135
7 2615 2 109 151
9 2547 0
3 1970 2 225 40
7 3154 2 153 66
7 980 2 287 199
6 2661 2 34 234
7 2247 1 184
7 655 2 197 140
3 2401 0
5 2681 0
8 1163 1 198
9 2258 2 147 175
5 600 2 294 30
5 2861 1 207
9 2240 0
4 2262 1 290
9 2046 0
4 2015 0
8 2156 0
6 2272 0
3 2605 0
9 1822 1 88
9 1617 2 152 109
2 2760 2 186 97
4 1973 1 13
3 2263 0
6 2190 1 193
6 2142 0
3 2205 0
5 1938 1 35
7 1929 1 194
9 863 1 53
8 2050 0
9 2843 2 16 87
11 1853 2 234 194
3 809 2 59 281
4 2326 0
9 1282 2 148 112
8 3264 1 60
7 3016 2 151 127
6 2071 0
8 2440 0
7 2283 1 173
6 2432 0
8 2168 0
9 1756 1 263
12 2804 2 254 17
9 2629 0
4 2655 0
6 2229 0
8 2765 0
7 1449 1 278
3 1588 1 186
8 2799 0
6 2275 0
8 1732 2 118 177
10 578 1 131
8 2303 0
8 3610 2 53 4
4 1824 2 83 192
3 2962 0
6 2167 0
6 900 1 284
8 1833 1 12
5 619 2 197 55
8 2618 2 249 277
8 2355 1 133
8 2804 1 86
3 1374 1 295
3 1479 1 79
3 2740 0
9 2614 0
8 1399 1 200
10 2083 2 74 182
2 2820 2 106 124
7 1244 1 86
4 1825 1 167
4 2055 0
11 2934 2 254 143
6 2259 0
3 2105 2 130 13
11 2731 1 285
