601
1 1 1 1 1 1
1 1 2 1 1 2
1 1 2 1 2 1
1 1 2 2 1 1
1 1 3 1 1 3
1 1 3 1 2 2
1 1 3 1 3 1
1 1 3 2 1 2
1 1 3 2 2 1
1 1 3 3 1 1
1 1 4 1 1 4
1 1 4 1 2 3
1 1 4 1 3 2
1 1 4 1 4 1
1 1 4 2 1 3
1 1 4 2 2 2
1 1 4 2 3 1
1 1 4 3 1 2
1 1 4 3 2 1
1 1 4 4 1 1
1 1 5 1 1 5
1 1 5 1 2 4
1 1 5 1 3 3
1 1 5 1 4 2
1 1 5 1 5 1
1 1 5 2 1 4
1 1 5 2 2 3
1 1 5 2 3 2
1 1 5 2 4 1
1 1 5 3 1 3
1 1 5 3 2 2
1 1 5 3 3 1
1 1 5 4 1 2
1 1 5 4 2 1
1 1 5 5 1 1
1 2 1 1 1 2
1 2 1 1 2 1
1 2 1 2 1 1
1 2 2 1 1 3
1 2 2 1 2 2
1 2 2 1 3 1
1 2 2 2 1 2
1 2 2 2 2 1
1 2 2 3 1 1
1 2 3 1 1 4
1 2 3 1 2 3
1 2 3 1 3 2
1 2 3 1 4 1
1 2 3 2 1 3
1 2 3 2 2 2
1 2 3 2 3 1
1 2 3 3 1 2
1 2 3 3 2 1
1 2 3 4 1 1
1 2 4 1 1 5
1 2 4 1 2 4
1 2 4 1 3 3
1 2 4 1 4 2
1 2 4 1 5 1
1 2 4 2 1 4
1 2 4 2 2 3
1 2 4 2 3 2
1 2 4 2 4 1
1 2 4 3 1 3
1 2 4 3 2 2
1 2 4 3 3 1
1 2 4 4 1 2
1 2 4 4 2 1
1 2 4 5 1 1
1 3 1 1 1 3
1 3 1 1 2 2
1 3 1 1 3 1
1 3 1 2 1 2
1 3 1 2 2 1
1 3 1 3 1 1
1 3 2 1 1 4
1 3 2 1 2 3
1 3 2 1 3 2
1 3 2 1 4 1
1 3 2 2 1 3
1 3 2 2 2 2
1 3 2 2 3 1
1 3 2 3 1 2
1 3 2 3 2 1
1 3 2 4 1 1
1 3 3 1 1 5
1 3 3 1 2 4
1 3 3 1 3 3
1 3 3 1 4 2
1 3 3 1 5 1
1 3 3 2 1 4
1 3 3 2 2 3
1 3 3 2 3 2
1 3 3 2 4 1
1 3 3 3 1 3
1 3 3 3 2 2
1 3 3 3 3 1
1 3 3 4 1 2
1 3 3 4 2 1
1 3 3 5 1 1
1 4 1 1 1 4
1 4 1 1 2 3
1 4 1 1 3 2
1 4 1 1 4 1
1 4 1 2 1 3
1 4 1 2 2 2
1 4 1 2 3 1
1 4 1 3 1 2
1 4 1 3 2 1
1 4 1 4 1 1
1 4 2 1 1 5
1 4 2 1 2 4
1 4 2 1 3 3
1 4 2 1 4 2
1 4 2 1 5 1
1 4 2 2 1 4
1 4 2 2 2 3
1 4 2 2 3 2
1 4 2 2 4 1
1 4 2 3 1 3
1 4 2 3 2 2
1 4 2 3 3 1
1 4 2 4 1 2
1 4 2 4 2 1
1 4 2 5 1 1
1 5 1 1 1 5
1 5 1 1 2 4
1 5 1 1 3 3
1 5 1 1 4 2
1 5 1 1 5 1
1 5 1 2 1 4
1 5 1 2 2 3
1 5 1 2 3 2
1 5 1 2 4 1
1 5 1 3 1 3
1 5 1 3 2 2
1 5 1 3 3 1
1 5 1 4 1 2
1 5 1 4 2 1
1 5 1 5 1 1
2 1 1 1 1 2
2 1 1 1 2 1
2 1 1 2 1 1
2 1 2 1 1 3
2 1 2 1 2 2
2 1 2 1 3 1
2 1 2 2 1 2
2 1 2 2 2 1
2 1 2 3 1 1
2 1 3 1 1 4
2 1 3 1 2 3
2 1 3 1 3 2
2 1 3 1 4 1
2 1 3 2 1 3
2 1 3 2 2 2
2 1 3 2 3 1
2 1 3 3 1 2
2 1 3 3 2 1
2 1 3 4 1 1
2 1 4 1 1 5
2 1 4 1 2 4
2 1 4 1 3 3
2 1 4 1 4 2
2 1 4 1 5 1
2 1 4 2 1 4
2 1 4 2 2 3
2 1 4 2 3 2
2 1 4 2 4 1
2 1 4 3 1 3
2 1 4 3 2 2
2 1 4 3 3 1
2 1 4 4 1 2
2 1 4 4 2 1
2 1 4 5 1 1
2 2 1 1 1 3
2 2 1 1 2 2
2 2 1 1 3 1
2 2 1 2 1 2
2 2 1 2 2 1
2 2 1 3 1 1
2 2 2 1 1 4
2 2 2 1 2 3
2 2 2 1 3 2
2 2 2 1 4 1
2 2 2 2 1 3
2 2 2 2 2 2
2 2 2 2 3 1
2 2 2 3 1 2
2 2 2 3 2 1
2 2 2 4 1 1
2 2 3 1 1 5
2 2 3 1 2 4
2 2 3 1 3 3
2 2 3 1 4 2
2 2 3 1 5 1
2 2 3 2 1 4
2 2 3 2 2 3
2 2 3 2 3 2
2 2 3 2 4 1
2 2 3 3 1 3
2 2 3 3 2 2
2 2 3 3 3 1
2 2 3 4 1 2
2 2 3 4 2 1
2 2 3 5 1 1
2 3 1 1 1 4
2 3 1 1 2 3
2 3 1 1 3 2
2 3 1 1 4 1
2 3 1 2 1 3
2 3 1 2 2 2
2 3 1 2 3 1
2 3 1 3 1 2
2 3 1 3 2 1
2 3 1 4 1 1
2 3 2 1 1 5
2 3 2 1 2 4
2 3 2 1 3 3
2 3 2 1 4 2
2 3 2 1 5 1
2 3 2 2 1 4
2 3 2 2 2 3
2 3 2 2 3 2
2 3 2 2 4 1
2 3 2 3 1 3
2 3 2 3 2 2
2 3 2 3 3 1
2 3 2 4 1 2
2 3 2 4 2 1
2 3 2 5 1 1
2 4 1 1 1 5
2 4 1 1 2 4
2 4 1 1 3 3
2 4 1 1 4 2
2 4 1 1 5 1
2 4 1 2 1 4
2 4 1 2 2 3
2 4 1 2 3 2
2 4 1 2 4 1
2 4 1 3 1 3
2 4 1 3 2 2
2 4 1 3 3 1
2 4 1 4 1 2
2 4 1 4 2 1
2 4 1 5 1 1
3 1 1 1 1 3
3 1 1 1 2 2
3 1 1 1 3 1
3 1 1 2 1 2
3 1 1 2 2 1
3 1 1 3 1 1
3 1 2 1 1 4
3 1 2 1 2 3
3 1 2 1 3 2
3 1 2 1 4 1
3 1 2 2 1 3
3 1 2 2 2 2
3 1 2 2 3 1
3 1 2 3 1 2
3 1 2 3 2 1
3 1 2 4 1 1
3 1 3 1 1 5
3 1 3 1 2 4
3 1 3 1 3 3
3 1 3 1 4 2
3 1 3 1 5 1
3 1 3 2 1 4
3 1 3 2 2 3
3 1 3 2 3 2
3 1 3 2 4 1
3 1 3 3 1 3
3 1 3 3 2 2
3 1 3 3 3 1
3 1 3 4 1 2
3 1 3 4 2 1
3 1 3 5 1 1
3 2 1 1 1 4
3 2 1 1 2 3
3 2 1 1 3 2
3 2 1 1 4 1
3 2 1 2 1 3
3 2 1 2 2 2
3 2 1 2 3 1
3 2 1 3 1 2
3 2 1 3 2 1
3 2 1 4 1 1
3 2 2 1 1 5
3 2 2 1 2 4
3 2 2 1 3 3
3 2 2 1 4 2
3 2 2 1 5 1
3 2 2 2 1 4
3 2 2 2 2 3
3 2 2 2 3 2
3 2 2 2 4 1
3 2 2 3 1 3
3 2 2 3 2 2
3 2 2 3 3 1
3 2 2 4 1 2
3 2 2 4 2 1
3 2 2 5 1 1
3 3 1 1 1 5
3 3 1 1 2 4
3 3 1 1 3 3
3 3 1 1 4 2
3 3 1 1 5 1
3 3 1 2 1 4
3 3 1 2 2 3
3 3 1 2 3 2
3 3 1 2 4 1
3 3 1 3 1 3
3 3 1 3 2 2
3 3 1 3 3 1
3 3 1 4 1 2
3 3 1 4 2 1
3 3 1 5 1 1
4 1 1 1 1 4
4 1 1 1 2 3
4 1 1 1 3 2
4 1 1 1 4 1
4 1 1 2 1 3
4 1 1 2 2 2
4 1 1 2 3 1
4 1 1 3 1 2
4 1 1 3 2 1
4 1 1 4 1 1
4 1 2 1 1 5
4 1 2 1 2 4
4 1 2 1 3 3
4 1 2 1 4 2
4 1 2 1 5 1
4 1 2 2 1 4
4 1 2 2 2 3
4 1 2 2 3 2
4 1 2 2 4 1
4 1 2 3 1 3
4 1 2 3 2 2
4 1 2 3 3 1
4 1 2 4 1 2
4 1 2 4 2 1
4 1 2 5 1 1
4 2 1 1 1 5
4 2 1 1 2 4
4 2 1 1 3 3
4 2 1 1 4 2
4 2 1 1 5 1
4 2 1 2 1 4
4 2 1 2 2 3
4 2 1 2 3 2
4 2 1 2 4 1
4 2 1 3 1 3
4 2 1 3 2 2
4 2 1 3 3 1
4 2 1 4 1 2
4 2 1 4 2 1
4 2 1 5 1 1
5 1 1 1 1 5
5 1 1 1 2 4
5 1 1 1 3 3
5 1 1 1 4 2
5 1 1 1 5 1
5 1 1 2 1 4
5 1 1 2 2 3
5 1 1 2 3 2
5 1 1 2 4 1
5 1 1 3 1 3
5 1 1 3 2 2
5 1 1 3 3 1
5 1 1 4 1 2
5 1 1 4 2 1
5 1 1 5 1 1
1 2 5 1 2 5
1 5 1 1 5 1
1 2 6 1 2 6
1 6 1 1 6 1
1 2 7 1 2 7
1 7 1 1 7 1
1 2 8 1 2 8
1 8 1 1 8 1
1 2 9 1 2 9
1 9 1 1 9 1
1 2 10 1 2 10
1 10 1 1 10 1
1 2 11 1 2 11
1 11 1 1 11 1
1 2 12 1 2 12
1 12 1 1 12 1
1 2 13 1 2 13
1 13 1 1 13 1
1 2 14 1 2 14
1 14 1 1 14 1
1 2 15 1 2 15
1 15 1 1 15 1
1 2 16 1 2 16
1 16 1 1 16 1
1 2 17 1 2 17
1 17 1 1 17 1
1 2 18 1 2 18
1 18 1 1 18 1
1 2 19 1 2 19
1 19 1 1 19 1
1 2 20 1 2 20
1 20 1 1 20 1
1 2 21 1 2 21
1 21 1 1 21 1
1 2 22 1 2 22
1 22 1 1 22 1
1 2 23 1 2 23
1 23 1 1 23 1
1 2 24 1 2 24
1 24 1 1 24 1
1 2 25 1 2 25
1 25 1 1 25 1
1 2 26 1 2 26
1 26 1 1 26 1
1 2 27 1 2 27
1 27 1 1 27 1
1 2 28 1 2 28
1 28 1 1 28 1
1 2 29 1 2 29
1 29 1 1 29 1
1 2 30 1 2 30
1 30 1 1 30 1
1 2 31 1 2 31
1 31 1 1 31 1
1 2 32 1 2 32
1 32 1 1 32 1
1 2 33 1 2 33
1 33 1 1 33 1
1 2 34 1 2 34
1 34 1 1 34 1
1 2 35 1 2 35
1 35 1 1 35 1
1 2 36 1 2 36
1 36 1 1 36 1
1 2 37 1 2 37
1 37 1 1 37 1
1 2 38 1 2 38
1 38 1 1 38 1
1 2 39 1 2 39
1 39 1 1 39 1
1 2 40 1 2 40
1 40 1 1 40 1
1 2 41 1 2 41
1 41 1 1 41 1
1 2 42 1 2 42
1 42 1 1 42 1
1 2 43 1 2 43
1 43 1 1 43 1
1 2 44 1 2 44
1 44 1 1 44 1
1 2 45 1 2 45
1 45 1 1 45 1
1 2 46 1 2 46
1 46 1 1 46 1
1 2 47 1 2 47
1 47 1 1 47 1
1 2 48 1 2 48
1 48 1 1 48 1
1 2 49 1 2 49
1 49 1 1 49 1
1 2 50 1 2 50
1 50 1 1 50 1
1 2 51 1 2 51
1 51 1 1 51 1
1 2 52 1 2 52
1 52 1 1 52 1
1 2 53 1 2 53
1 53 1 1 53 1
1 2 54 1 2 54
1 54 1 1 54 1
1 2 55 1 2 55
1 55 1 1 55 1
1 2 56 1 2 56
1 56 1 1 56 1
1 2 57 1 2 57
1 57 1 1 57 1
1 2 58 1 2 58
1 58 1 1 58 1
1 2 59 1 2 59
1 59 1 1 59 1
1 2 60 1 2 60
1 60 1 1 60 1
1 2 61 1 2 61
1 61 1 1 61 1
1 2 62 1 2 62
1 62 1 1 62 1
1 2 63 1 2 63
1 63 1 1 63 1
1 2 64 1 2 64
1 64 1 1 64 1
1 2 65 1 2 65
1 65 1 1 65 1
1 2 66 1 2 66
1 66 1 1 66 1
1 2 67 1 2 67
1 67 1 1 67 1
1 2 68 1 2 68
1 68 1 1 68 1
1 2 69 1 2 69
1 69 1 1 69 1
1 2 70 1 2 70
1 70 1 1 70 1
327 42 468 1 335 501
1 170 725 58 479 359
1 963 465 577 706 146
345 282 828 1 962 492
1 996 943 675 828 437
61 392 605 1 903 154
464 293 383 1 422 717
1 719 896 441 448 727
473 772 539 1 870 913
1 668 300 38 36 895
1 704 812 860 323 334
1 674 665 486 142 712
71 254 869 1 548 645
1 663 758 524 38 860
1 724 742 158 530 779
682 317 36 1 191 843
589 289 107 1 41 943
340 265 649 1 447 806
1 891 730 900 371 351
835 7 102 1 394 549
1 630 624 215 85 955
1 757 841 255 967 377
145 932 309 1 945 440
127 627 324 1 538 539
1271 119 83 1 930 542
350 834 116 1 640 659
1 705 931 352 978 307
1 674 387 294 22 746
104 925 73 1 271 830
1 778 574 742 98 513
1 987 291 480 162 637
108 356 768 1 656 575
418 32 53 1 351 151
1 942 725 270 967 431
47 108 192 1 8 338
393 458 288 1 754 384
1 946 910 888 210 759
560 222 589 1 423 947
46 507 31 1 414 169
1 901 592 75 763 656
393 411 360 1 625 538
1 549 484 396 596 42
176 603 351 1 292 837
224 375 21 1 597 22
606 349 200 1 669 485
38 282 735 1 54 1000
333 419 939 1 901 789
1028 128 468 1 729 894
98 649 484 1 808 422
401 311 618 1 814 515
462 310 617 1 936 452
227 601 250 1 520 557
1 799 304 870 225 9
239 845 610 1 990 703
1 196 486 245 94 344
1 524 588 294 315 504
429 449 201 1 459 619
1 581 797 298 799 282
1 590 799 1222 10 158
1 473 623 265 539 293
631 39 180 1 191 658
555 959 192 1 816 889
170 157 512 1 203 635
648 273 56 1 329 647
61 363 887 1 876 434
250 870 143 1 845 417
1 882 999 907 323 652
314 22 700 1 558 477
1 893 390 495 76 713
1 601 511 239 4 870
1 862 689 360 402 790
1 256 424 92 3 586
48 183 286 1 89 427
391 618 758 1 833 933
588 170 155 1 722 190
1 977 330 246 369 693
4 426 556 1 435 550
1 442 513 749 146 61
1 719 754 910 140 424
1 280 997 60 688 530
830 550 438 1 867 950
326 194 196 1 298 417
380 287 106 1 489 283
1 456 735 375 115 702
63 317 672 1 787 264
1 314 356 431 186 54
58 913 809 1 833 946
1 314 757 191 322 559
1 647 983 1004 482 145
1 197 223 129 130 162
1 536 451 347 174 467
29 45 660 1 293 440
388 254 25 1 155 511
1 746 650 896 187 314
1 475 23 311 169 19
1 788 906 344 959 392
65 203 626 1 478 415
71 315 825 1 335 875
