99999999 3 3 3
99999999 3 4 3
99999999 3 2 3
99999999 3 2 2
99999999 99999999 99999999 1
9999999 9999999 99999999 1
9999999 9999999 99999999 100
19999996 9999999 9999998 9999998
19999997 9999999 9999998 9999998
19999997 9999999 9999998 9999999
19999997 9999999 9999998 10000000
19999997 10000000 9999999 9999998
19999998 10000000 9999999 9999998
9595266 87 25 82
6984962 64 88 49
1584435 94 84 66
625336 100 94 69
8160768 7 86 52
1620814 45 3 51
4032287 94 2 81
2716990 43 65 7
8793917 67 69 6
9392094 8 53 100
9623351 2 48 2
1011495 17 2 51
3890559 19 7 15
8902427 37 10 63
6302417 65 85 92
1755870 28 21 8
4226412 92 28 92
8809004 37 92 20
9148219 91 77 69
7916929 86 8 79
6503857 77 98 93
267265 45 39 89
3784888 25 71 61
2158432 45 98 4
5420224 94 100 59
6757301 8 56 73
6416392 73 14 94
6157378 72 82 33
9821202 18 75 23
4164800 61 51 50
3737207 42 64 24
7881382 12 85 92
8569518 89 21 28
3389951 77 92 58
1478474 56 99 54
8728205 87 57 2
6765628 67 51 34
1568955 52 55 91
4843688 72 28 65
3043422 96 6 71
1734065 5 74 18
1236637 40 14 48
547476 51 29 92
9282540 90 14 3
4800338 30 45 66
6494983 80 61 74
5484861 20 74 12
4626107 9 1 30
4182574 11 78 85
8783317 92 49 24
5588254 97 51 36
306474 15 28 80
6508160 68 42 58
7283507 96 2 25
2200320 6 87 57
8038334 88 55 4
5512544 74 84 88
1337472 93 95 77
1170399 44 59 17
9476860 89 27 94
5396415 27 88 8
8639588 58 97 65
987809 82 64 58
9960567 95 9 62
6157622 52 1 22
2680021 2 71 17
4853632 53 11 90
2458060 15 45 84
950803 89 77 80
1604022 30 81 18
9493117 91 82 88
5637194 56 57 51
1461501 41 16 63
1638681 31 13 6
1001480 72 20 95
5133242 78 43 55
9552064 54 17 24
9862165 48 45 74
3251990 11 65 12
3735607 97 1 39
9165866 21 43 96
1422062 72 49 14
8601476 55 86 65
4189347 78 12 97
1682367 62 12 83
2326255 14 94 38
9511513 95 80 44
386387 76 54 67
7688181 90 33 85
9780430 23 86 69
1723697 79 17 29
3913568 11 18 96
1130470 61 80 30
9064686 33 39 62
5116411 86 54 47
5347007 76 94 14
3419190 95 69 80
6431391 38 29 16
3318241 50 69 73
4857313 100 11 41
683801735 560125855 149246659 409342396
5039101 106200658 271382443 297161995
250677541 667360312 3331550 421060471
57718912 273593437 1871687 219388644
5722117 153449464 202551692 107763229
91825166 946444992 385484137 152715568
1238059 325347189 342877387 69719040
704271416 87734040 127640992 173952575
125801562 188414268 227390574 250598297
49953300 199158979 640920305 68345219
534221615 350612044 18723933 16289038
19745075 19853275 357610993 708239420
15875819 311644483 28053045 534030675
131403394 23613093 254241667 12767172
529264546 210625365 271975252 72590022
10864899 204164962 395217378 853740436
137319256 11758821 366697877 347228769
166221329 61148864 355234831 234393449
291880756 3062713 608719577 11437452
291988663 126421324 540038791 700793934
39032995 46426209 191085114 45047480
292387302 385582283 584423466 57957266
89381556 432441767 32734158 287318041
66135720 280371008 44583949 540852562
401707754 547016516 165692040 501183787
224788560 29768813 13585728 273412765
2108353 25480087 388941969 94245679
138232121 72362815 358579301 88983986
246289382 66110082 571421045 351620758
53297855 51410432 336499262 42095717
244293892 437647039 519341860 62084031
81154564 537713517 264531293 250034270
116505937 82956739 253347018 477509894
20508483 404357526 78110586 238659532
127564259 139276215 244051440 383929356
777668874 233532645 204992286 43448017
135817515 344543930 60062053 234777132
390011010 454582198 193487534 362230508
17502194 111727645 52994865 167346307
296146509 95491412 571503359 107885244
11588724 37748332 150493160 60466830
448291996 59046604 25244062 325607168
450446151 109085001 215913232 972199894
215279475 229672962 517964635 493591783
370715396 313679135 33792819 86808882
4772248 166820594 378408224 278129135
310827322 742031047 63268348 112778015
2727538 225462310 223166315 6732557
220533391 217145300 420560165 642460100
119817826 288042506 168467850 166125930
287537436 239098852 75555480 39496089
744580304 491357737 537301174 328770833
336380829 105658947 689131777 289317731
19854495 502621451 77016563 99902770
473098862 66166515 109415902 105925981
486131317 97690390 16249852 258388521
439313313 18581928 207766643 16393038
116131826 42554435 171465391 712084342
512054666 31989990 462633533 531898927
89992887 224575080 517414697 527250420
781810831 139460100 522696039 315811830
66409708 119272770 574633600 525297317
208653071 236561433 27028060 638781486
125673529 46091508 102392372 290065239
271293412 102609562 842847188 63147465
8301818 408453956 172668289 402626175
48396296 303778687 27339354 927374628
436206454 113766518 698569465 32439955
49562490 146861021 599922067 69306114
781237453 44338130 473397304 600452630
95206612 57930183 296954023 39686250
579061910 581859488 377885598 315449116
68133408 30179713 366109602 151315624
530059720 27926770 548582082 594728336
652891360 182275807 48241481 192459234
248840211 815263809 295143474 10438074
19865706 669116706 106758422 312385468
417112716 209931017 132650924 515451470
667167357 370507834 298918510 565355538
137731694 871175665 220631163 98800269
81705256 632542019 431077402 903386834
246100808 79528732 803558854 79540212
580805599 297739715 77290560 64091471
184796498 105985221 57177475 216851998
826964257 22716096 503345426 372443229
549552591 206970057 103668834 155715559
515793696 139793905 13811589 126768936
614188757 18220019 919030776 552097255
200602569 562588167 339776034 24346986
48616379 365909802 194306936 84512361
572967149 442360277 207984864 167673941
548867811 4810449 17999523 326642819
132376049 60022263 366477086 176416848
431340933 242739258 32239374 72042168
163019968 696601042 754746959 127280944
144771353 373996730 540718865 465366758
115559323 190593487 163797188 468411231
528204922 25789157 642243606 371975222
5673462 312339555 14050777 5378463
135602350 54163579 460525675 2491731
537102307 361881128 361881124 157547937
132634836 96417279 96417279 1746161
804850335 512530410 512530406 104112285
647345364 15084152 15084148 20680974
190338539 29039221 29039213 224941112
610505245 938151748 938151743 326262443
274159012 128854866 128854865 2627538
180670651 461699 461693 62827834
730956187 372725662 372725657 164440607
25710749 54144784 54144778 94205433
80652476 138834773 138834773 157727479
55625531 320265706 320265705 343033072
61435343 21833357 21833350 34173924
20258344 70941328 70941323 209131670
34168279 55096100 55096093 14788923
370767295 95298783 95298777 28216813
719681662 492948981 492948972 36188000
62690356 461868173 461868167 143921453
41010388 5819262 5819257 687944029
68535278 144723730 144723729 415192064
183019323 147252620 147252614 222587328
217480026 165897746 165897737 676919794
501594581 88862847 88862841 107102716
537259180 369737003 369737001 483057727
244826133 325673891 325673885 154908733
5084794 119564135 119564128 702422308
349934322 229177319 229177319 130629338
11369200 306261930 306261926 700735164
304524609 59978168 59978167 710627892
30483683 143872876 143872871 361631904
422390554 312853394 312853394 99858806
640820960 5730322 5730318 68381246
78651152 455803599 455803596 305363766
792469263 230755782 230755781 3326462
804410812 531930697 531930694 669284415
747297072 1211360 1211360 96101598
235447795 143322823 143322821 313379841
420887682 448561502 448561501 431327208
309087213 27521252 27521250 277228803
94597193 159351577 159351573 1379215
26338683 755682348 755682342 17389634
534581182 27436416 27436413 103941798
8575644 494999054 494999047 46142334
136629698 221079594 221079588 181096188
23717419 89759792 89759786 48564955
468011731 56668653 56668644 81637
249519283 332601791 332601789 96999988
360598247 503888102 503888100 487923265
3848848 512302997 512302989 321623095
57529092 109202148 109202139 196958764
94629106 50483863 50483863 22732051
222301424 399831567 399831563 60584532
58235143 387084666 387084662 66938551
32721839 512546257 512546254 549208550
335824484 598065143 598065140 94155119
387540336 128083677 128083674 759773748
28194052 22839489 22839480 16519632
95824626 55741923 55741915 67746240
40370451 55276474 55276470 190570975
199575775 551394924 551394923 69089416
769897000 144096275 144096268 131959615
562296913 796488697 796488697 198469076
6108144 2455830 2455824 232443762
463835718 155948670 155948667 31401766
338208368 211791621 211791619 4977905
437248337 614685324 614685323 205279568
702047634 248393349 248393341 753299099
486227833 518777469 518777462 6379821
275783940 214691089 214691088 210742543
329026933 221816056 221816053 356894147
581108680 129500148 129500147 866535221
416734210 100641576 100641575 542248595
453867136 277373246 277373240 82633619
549295274 605085193 605085190 37542749
618253738 153425331 153425324 406996823
80021128 28585174 28585169 397831363
102972760 663727650 663727642 100689910
39508293 182005660 182005653 903366026
605366703 70562739 70562736 214726395
472430312 575302956 575302948 62712383
441788866 116886473 116886467 363162224
12589641 32564820 32564817 4021871
199633676 434152999 434152991 204250460
5693860 223722782 223722775 41221482
1039497 561990230 561990226 820760850
9249280 563751990 563751989 18644176
45049401 308193739 308193733 168250604
42086354 187915392 187915389 303417071
40107562 282718792 282718791 79430187
49309465 439954760 439954755 338541172
191546809 24830684 24830681 379195725
148931715 72168228 72168221 148395653
874334883 144336641 144336638 134370153
77619399 739433295 739433292 198232070
120349185 296645172 296645164 7276528
657937726 48552714 48552706 13557159
353360363 318673066 318673057 16075966
246683178 50413855 50413849 64335659
589177132 357516311 357516304 95164328
416310290 436784044 436784037 597034764
2514534 9196929 9137730 334
83579665 4898822 4828455 3417
379751018 818300 721312 2650
24681221 3774884 3715917 1541
49432400 3681044 3639409 733
491539893 8763233 8675243 2678
610557722 840864 835027 6434
268600409 8374134 8283157 454
279173612 6006025 5918098 4156
564102362 271571 223230 2328
82126976 3163860 3101340 8600
335872302 2166245 2147024 8438
349100554 5281591 5241848 3738
80522465 6121997 6042770 9213
95501785 2632691 2562493 7316
920566853 7540320 7522724 7596
65450377 2265898 2182214 3964
17966222 6054487 5989161 4392
47813407 6681973 6659009 4457
469908089 4033773 3979332 6536
30698558 186682 130157 5164
225608523 2660887 2572439 9597
100682719 3089831 3019535 3262
145387962 1370058 1328418 7834
1857748 2373678 2329245 4272
608958161 7590510 7511611 827
442296295 2529809 2434847 4426
30159554 8599911 8576007 4741
28431497 5784997 5750777 4917
12889588 6482788 6448592 5695
415318716 5636880 5562114 1156
210939403 891672 793486 5543
471948029 4275287 4267943 5337
36204483 6072978 6065850 2
75706784 8655892 8589875 3808
149447817 9400874 9334205 8355
440592955 7306053 7209057 2048
859488243 6942617 6876062 9039
369609423 3391075 3309550 8647
218147380 5490601 5475351 1139
199860630 7919451 7864053 3590
7825201 9867926 9807086 2423
28829722 4104337 4014857 9027
555581043 4834708 4817389 2702
544108956 8073699 8049240 4371
405518114 1893403 1883905 1581
859146792 1827473 1781769 8053
563348126 6539347 6475333 5257
13575639 9063627 9028917 6024
136617983 3548578 3470227 6819
429124617 2575842 2559079 9230
160536003 9392953 9391893 4359
500525927 7087476 7017931 7862
114561585 7895078 7818341 494
64119532 2206292 2206136 4906
70910114 6581993 6483223 4260
610533109 8479104 8468989 2929
153154509 5206505 5148064 9957
281238688 5144759 5098165 4284
80885232 1467468 1460094 5040
370788297 1049192 1019906 3640
119706481 9696303 9671756 1627
355776363 1864950 1822790 8195
119121037 9073281 9007631 2812
614326033 3025300 2988297 4718
59270975 4061802 4046224 9751
571070676 2230129 2185934 7863
988479225 3550361 3498535 2856
601534612 8066466 8052618 6492
416034677 5655328 5591958 832
145412112 2003040 1908703 5590
10434996 680410 598908 6297
51342120 7600168 7502870 5850
65874997 5217569 5205860 2958
121299017 4890609 4823241 4188
45336767 5698809 5631495 6480
321893870 7509243 7417238 5914
179799110 6111853 6026882 8451
12203687 6417996 6364665 265
657617147 676691 653257 8728
262587592 4680507 4676522 4202
160538344 7957697 7889139 6663
235834914 9403791 9371234 2799
166096193 4449801 4413371 2340
1935107 9282463 9275444 9599
361844187 4571055 4491481 108
28482810 2527509 2448644 3799
632147374 5374339 5326518 9044
400607148 204501 135263 3015
240129204 8888360 8866466 5844
4590497 8133033 8082421 4721
30977010 3268798 3201554 7527
454828422 6750847 6728914 5531
882543674 334187 235482 3744
247523326 7698902 7610934 2050
408792933 6382300 6288028 879
809880682 9020336 8945188 4387
15455552 7626947 7626395 8182
20382098 8114153 8075151 625
4434283 3013850 2924995 3757
0 0 0 0
