10000000000 10000000000
1 10000000000
10000000000 1
1 1
9 10
7 10
1 9
7 9
1 4
1 75
6 100
8 8
4 8
7 57
5 653
9 164
4 72
1 284
5 529
8 6386
9 9519
1 54
3 777
7 5436
9 63488
5 27418
6 78222
10 43040
6 56977
10 656206
4 265171
4 735797
10 187916
10 15675
8 7173919
3 4570139
2 5143176
4 6127851
4 5058792
3 95717731
4 21803858
2 80173058
5 62511395
1 67175829
7 935321904
8 239202345
6 192653589
8 361197941
8 538349566
6 1560599470
5 1802710187
9 2497082101
9 3939707329
3 7300823930
50 9
10 2
80 2
61 2
37 9
63 57
79 63
92 93
1 34
23 99
44 821
13 591
7 11
93 10
49 890
85 9832
19 5608
9 1712
64 1466
2 9925
39 73160
88 76409
32 73947
25 11087
7 10927
70 822295
60 205985
84 64699
64 974571
43 630411
53 2642782
74 8483190
18 3611919
98 3206785
100 383277
69 69938759
22 19952157
68 3206929
23 5972416
55 63122231
79 462984382
15 292647245
79 991882164
98 130013834
79 775653407
18 7879521972
23 2331807840
1 6514986077
2 2497040698
84 6861749326
6 5
454 5
730 10
41 2
596 4
619 12
625 78
879 46
919 75
884 22
552 901
92 400
823 695
122 982
714 54
475 8388
74 8537
751 4477
412 335
766 728
348 66039
247 44534
417 47776
204 10794
38 84967
279 237345
332 278353
170 250978
201 988402
145 145298
866 1338672
876 4635281
136 4055362
306 7411192
319 6105168
73 6668933
866 11426174
286 58231862
993 42620669
759 12874204
480 412032793
362 508619063
8 640159256
928 514456922
790 35872031
455 47738023
115 2895674458
832 771731888
574 578527273
108 5214298541
2154 2
6890 7
8695 4
1424 7
7160 1
1812 96
7629 86
1863 20
7120 7
5710 99
3150 105
9233 460
5364 214
9141 998
2215 731
2451 1176
6493 7243
7542 1807
5303 5147
7006 6871
698 16826
8875 42179
2328 96159
9770 86600
5169 5951
2057 298754
4148 653083
5504 525442
1247 276280
9840 70494
6399 1468755
4472 7473257
6936 3162587
1432 3210808
2738 7333569
1867 12768121
8525 48480326
7417 97823366
3531 43397101
9608 22664109
2892 263126180
992 732986854
1176 329877883
18 883649279
9281 32947353
1423 3749808765
8812 3463916254
2223 3984884124
231 5814860736
4417 6044521053
775 5
26261 7
3375 10
24273 4
2619 9
27403 19
59306 80
98385 62
21604 78
34236 28
49288 814
25756 701
61410 834
60381 559
76962 30
29572 7715
33553 4377
87509 3088
40904 1830
73534 3945
66169 4525
13949 97885
68539 69187
92734 54064
67405 25485
40814 548124
55400 512293
805 566842
60408 447123
68199 827701
13613 5579227
23240 986040
5083 9426221
10058 7828406
58662 9921624
67068 57947770
74716 39315946
27568 32266487
62309 1699268
63726 40394838
64183 214970758
74806 479372984
17198 716288874
44054 190559230
38841 905953085
21008 5402378426
21280 6334148266
34316 6687454981
14057 8459242909
52979 6372855429
70201 2
473628 4
710043 1
325257 2
623202 4
924977 58
572809 68
828705 28
405472 5
935604 79
324961 699
270367 4
957890 115
658371 455
89935 149
604267 3912
926575 5356
385586 1293
940618 6047
781623 2769
308065 77859
643320 5944
226558 53399
776240 59547
701597 71743
205281 499331
993827 803240
773069 966014
952664 213614
832543 936355
152288 4233339
311167 1065999
67505 493776
753140 8724990
154335 8930722
805903 24698834
48225 28772007
673958 51226015
567879 6946025
604325 82083146
999599 471716139
792942 297688290
891978 123596752
241443 837438855
897453 516921082
431791 4665559134
458665 9945019902
429409 7752709197
831441 489353137
62071 3713195127
3972349 5
2932846 8
2802029 10
3071029 3
6865725 7
5871517 79
325208 60
6714155 37
410725 23
3536287 99
2724958 731
2926078 557
182353 145
1384501 39
8048472 241
3891547 3508
5300715 6273
5159572 2709
6194383 1115
8166726 2350
6697353 73579
7373548 24923
9848903 31951
5454033 84875
367607 2656
9057408 28697
8419567 984518
9033600 366983
7529778 267724
358760 433916
4381949 3062421
4360960 1349117
6444640 5474484
6317628 8275848
4473485 5568999
4379437 44980185
2837960 64511617
8007494 96893860
3392572 25497344
2602229 8917470
8452646 763970642
3343201 448919722
4969593 777631410
7060183 296198404
1373927 190034929
7873749 6823471018
5645136 7489858951
8131878 560178542
8012926 3177398979
6428972 9373033874
55632599 8
59182005 3
45575912 2
33131779 3
7317164 5
4278088 84
11684479 52
87171173 59
33621067 66
11512377 87
18312095 795
36817441 161
77335997 395
14305017 356
79438015 242
57799225 415
45487691 6320
53619883 6623
98519045 615
68627524 5274
13523308 5826
8354956 36401
83577576 13989
75055884 68088
57060973 24352
74821816 130569
84745070 422090
85406692 478142
27460191 278494
15524558 782331
17191736 444565
18746536 2542348
80308919 2255188
82612562 8597707
80022194 8592361
58555754 93763360
20816086 26859406
82824309 28279902
64197557 47926624
72144786 56850469
49315555 587390674
17139276 143713783
60289206 87853665
59411814 446988980
99687120 230327037
81931826 169926219
42110385 3947915628
12792884 1976775420
21425449 8872470960
37661063 5002507982
441281976 7
646305721 10
550789729 1
628942633 7
682997029 1
903725531 98
841754357 62
924158396 70
22104717 77
362060938 94
955921776 983
543821409 611
513218841 35
604789711 928
889812372 288
34583310 9768
83306239 9488
761826453 8412
188046514 1853
655779828 824
189184360 1435
612713119 65778
459727361 68877
107418373 99511
168094619 22729
577190000 463184
358082563 842440
930362551 802443
807037941 305201
504506193 946354
499564917 7364275
716745105 4614830
533942204 4299594
596471536 678264
157726286 2924372
742419886 20248958
929109966 35054908
742494654 67388698
306546910 34340636
93745959 21727782
242105099 767383963
499603826 209604336
782785045 217779862
648732105 60772540
692418479 233465217
490385331 6942138964
947733580 7212426924
61608282 9018940885
159955936 4976310880
397179366 5655974568
7542715409 10
2382266862 6
2906740057 7
2073485249 3
7313694462 1
3708676094 42
4762205962 55
350349331 7
2869019799 4
5012467822 65
2475585113 887
1285198849 836
8724928010 651
2862652508 23
235483217 834
8634047573 7326
2995567905 7595
5686460212 340
530697033 8743
8471138267 4044
3799160376 24956
3878961409 32892
4129057787 55930
4513446977 723
2567066404 58753
421843502 597433
2010691601 33119
8988351076 436746
8974133377 593991
7557712964 485581
9571968609 4104308
1180662023 8336459
227469661 1299132
2852361946 1804966
6067033654 3769043
6240998441 3278647
3238393699 54172441
228682682 1527940
1912594684 32252347
9614541936 73327490
6701384121 875559017
1837026759 516018156
6598139142 662877170
117657392 170180448
3901362682 835756574
4243212318 8315899180
2040268410 5889685247
219257736 7047790510
6235988919 8767807156
4146662951 8429624877
0 0
