10
1000 500
2 1
3 2
4 3
5 4
6 5
7 6
8 7
9 8
10 9
11 10
12 11
13 12
14 13
15 14
16 15
17 16
18 17
19 18
20 19
21 20
22 21
23 22
24 23
25 24
26 25
27 26
28 27
29 28
30 29
31 30
32 31
33 32
34 33
35 34
36 35
37 36
38 37
39 38
40 39
41 40
42 41
43 42
44 43
45 44
46 45
47 46
48 47
49 48
50 49
51 50
52 51
53 52
54 53
55 54
56 55
57 56
58 57
59 58
60 59
61 60
62 61
63 62
64 63
65 64
66 65
67 66
68 67
69 68
70 69
71 70
72 71
73 72
74 73
75 74
76 75
77 76
78 77
79 78
80 79
81 80
82 81
83 82
84 83
85 84
86 85
87 86
88 87
89 88
90 89
91 90
92 91
93 92
94 93
95 94
96 95
97 96
98 97
99 98
100 99
101 100
102 101
103 102
104 103
105 104
106 105
107 106
108 107
109 108
110 109
111 110
112 111
113 112
114 113
115 114
116 115
117 116
118 117
119 118
120 119
121 120
122 121
123 122
124 123
125 124
126 125
127 126
128 127
129 128
130 129
131 130
132 131
133 132
134 133
135 134
136 135
137 136
138 137
139 138
140 139
141 140
142 141
143 142
144 143
145 144
146 145
147 146
148 147
149 148
150 149
151 150
152 151
153 152
154 153
155 154
156 155
157 156
158 157
159 158
160 159
161 160
162 161
163 162
164 163
165 164
166 165
167 166
168 167
169 168
170 169
171 170
172 171
173 172
174 173
175 174
176 175
177 176
178 177
179 178
180 179
181 180
182 181
183 182
184 183
185 184
186 185
187 186
188 187
189 188
190 189
191 190
192 191
193 192
194 193
195 194
196 195
197 196
198 197
199 198
200 199
201 200
202 201
203 202
204 203
205 204
206 205
207 206
208 207
209 208
210 209
211 210
212 211
213 212
214 213
215 214
216 215
217 216
218 217
219 218
220 219
221 220
222 221
223 222
224 223
225 224
226 225
227 226
228 227
229 228
230 229
231 230
232 231
233 232
234 233
235 234
236 235
237 236
238 237
239 238
240 239
241 240
242 241
243 242
244 243
245 244
246 245
247 246
248 247
249 248
250 249
251 250
252 251
253 252
254 253
255 254
256 255
257 256
258 257
259 258
260 259
261 260
262 261
263 262
264 263
265 264
266 265
267 266
268 267
269 268
270 269
271 270
272 271
273 272
274 273
275 274
276 275
277 276
278 277
279 278
280 279
281 280
282 281
283 282
284 283
285 284
286 285
287 286
288 287
289 288
290 289
291 290
292 291
293 292
294 293
295 294
296 295
297 296
298 297
299 298
300 299
301 300
302 301
303 302
304 303
305 304
306 305
307 306
308 307
309 308
310 309
311 310
312 311
313 312
314 313
315 314
316 315
317 316
318 317
319 318
320 319
321 320
322 321
323 322
324 323
325 324
326 325
327 326
328 327
329 328
330 329
331 330
332 331
333 332
334 333
335 334
336 335
337 336
338 337
339 338
340 339
341 340
342 341
343 342
344 343
345 344
346 345
347 346
348 347
349 348
350 349
351 350
352 351
353 352
354 353
355 354
356 355
357 356
358 357
359 358
360 359
361 360
362 361
363 362
364 363
365 364
366 365
367 366
368 367
369 368
370 369
371 370
372 371
373 372
374 373
375 374
376 375
377 376
378 377
379 378
380 379
381 380
382 381
383 382
384 383
385 384
386 385
387 386
388 387
389 388
390 389
391 390
392 391
393 392
394 393
395 394
396 395
397 396
398 397
399 398
400 399
401 400
402 401
403 402
404 403
405 404
406 405
407 406
408 407
409 408
410 409
411 410
412 411
413 412
414 413
415 414
416 415
417 416
418 417
419 418
420 419
421 420
422 421
423 422
424 423
425 424
426 425
427 426
428 427
429 428
430 429
431 430
432 431
433 432
434 433
435 434
436 435
437 436
438 437
439 438
440 439
441 440
442 441
443 442
444 443
445 444
446 445
447 446
448 447
449 448
450 449
451 450
452 451
453 452
454 453
455 454
456 455
457 456
458 457
459 458
460 459
461 460
462 461
463 462
464 463
465 464
466 465
467 466
468 467
469 468
470 469
471 470
472 471
473 472
474 473
475 474
476 475
477 476
478 477
479 478
480 479
481 480
482 481
483 482
484 483
485 484
486 485
487 486
488 487
489 488
490 489
491 490
492 491
493 492
494 493
495 494
496 495
497 496
498 497
499 498
500 499
501 500
502 501
503 502
504 503
505 504
506 505
507 506
508 507
509 508
510 509
511 510
512 511
513 512
514 513
515 514
516 515
517 516
518 517
519 518
520 519
521 520
522 521
523 522
524 523
525 524
526 525
527 526
528 527
529 528
530 529
531 530
532 531
533 532
534 533
535 534
536 535
537 536
538 537
539 538
540 539
541 540
542 541
543 542
544 543
545 544
546 545
547 546
548 547
549 548
550 549
551 550
552 551
553 552
554 553
555 554
556 555
557 556
558 557
559 558
560 559
561 560
562 561
563 562
564 563
565 564
566 565
567 566
568 567
569 568
570 569
571 570
572 571
573 572
574 573
575 574
576 575
577 576
578 577
579 578
580 579
581 580
582 581
583 582
584 583
585 584
586 585
587 586
588 587
589 588
590 589
591 590
592 591
593 592
594 593
595 594
596 595
597 596
598 597
599 598
600 599
601 600
602 601
603 602
604 603
605 604
606 605
607 606
608 607
609 608
610 609
611 610
612 611
613 612
614 613
615 614
616 615
617 616
618 617
619 618
620 619
621 620
622 621
623 622
624 623
625 624
626 625
627 626
628 627
629 628
630 629
631 630
632 631
633 632
634 633
635 634
636 635
637 636
638 637
639 638
640 639
641 640
642 641
643 642
644 643
645 644
646 645
647 646
648 647
649 648
650 649
651 650
652 651
653 652
654 653
655 654
656 655
657 656
658 657
659 658
660 659
661 660
662 661
663 662
664 663
665 664
666 665
667 666
668 667
669 668
670 669
671 670
672 671
673 672
674 673
675 674
676 675
677 676
678 677
679 678
680 679
681 680
682 681
683 682
684 683
685 684
686 685
687 686
688 687
689 688
690 689
691 690
692 691
693 692
694 693
695 694
696 695
697 696
698 697
699 698
700 699
701 700
702 701
703 702
704 703
705 704
706 705
707 706
708 707
709 708
710 709
711 710
712 711
713 712
714 713
715 714
716 715
717 716
718 717
719 718
720 719
721 720
722 721
723 722
724 723
725 724
726 725
727 726
728 727
729 728
730 729
731 730
732 731
733 732
734 733
735 734
736 735
737 736
738 737
739 738
740 739
741 740
742 741
743 742
744 743
745 744
746 745
747 746
748 747
749 748
750 749
751 750
752 751
753 752
754 753
755 754
756 755
757 756
758 757
759 758
760 759
761 760
762 761
763 762
764 763
765 764
766 765
767 766
768 767
769 768
770 769
771 770
772 771
773 772
774 773
775 774
776 775
777 776
778 777
779 778
780 779
781 780
782 781
783 782
784 783
785 784
786 785
787 786
788 787
789 788
790 789
791 790
792 791
793 792
794 793
795 794
796 795
797 796
798 797
799 798
800 799
801 800
802 801
803 802
804 803
805 804
806 805
807 806
808 807
809 808
810 809
811 810
812 811
813 812
814 813
815 814
816 815
817 816
818 817
819 818
820 819
821 820
822 821
823 822
824 823
825 824
826 825
827 826
828 827
829 828
830 829
831 830
832 831
833 832
834 833
835 834
836 835
837 836
838 837
839 838
840 839
841 840
842 841
843 842
844 843
845 844
846 845
847 846
848 847
849 848
850 849
851 850
852 851
853 852
854 853
855 854
856 855
857 856
858 857
859 858
860 859
861 860
862 861
863 862
864 863
865 864
866 865
867 866
868 867
869 868
870 869
871 870
872 871
873 872
874 873
875 874
876 875
877 876
878 877
879 878
880 879
881 880
882 881
883 882
884 883
885 884
886 885
887 886
888 887
889 888
890 889
891 890
892 891
893 892
894 893
895 894
896 895
897 896
898 897
899 898
900 899
901 900
902 901
903 902
904 903
905 904
906 905
907 906
908 907
909 908
910 909
911 910
912 911
913 912
914 913
915 914
916 915
917 916
918 917
919 918
920 919
921 920
922 921
923 922
924 923
925 924
926 925
927 926
928 927
929 928
930 929
931 930
932 931
933 932
934 933
935 934
936 935
937 936
938 937
939 938
940 939
941 940
942 941
943 942
944 943
945 944
946 945
947 946
948 947
949 948
950 949
951 950
952 951
953 952
954 953
955 954
956 955
957 956
958 957
959 958
960 959
961 960
962 961
963 962
964 963
965 964
966 965
967 966
968 967
969 968
970 969
971 970
972 971
973 972
974 973
975 974
976 975
977 976
978 977
979 978
980 979
981 980
982 981
983 982
984 983
985 984
986 985
987 986
988 987
989 988
990 989
991 990
992 991
993 992
994 993
995 994
996 995
997 996
998 997
999 998
1000 999
1000 900
2 1
3 2
4 3
5 4
6 5
7 6
8 7
9 8
10 9
11 10
12 11
13 12
14 13
15 14
16 15
17 16
18 17
19 18
20 19
21 20
22 21
23 22
24 23
25 24
26 25
27 26
28 27
29 28
30 29
31 30
32 31
33 32
34 33
35 34
36 35
37 36
38 37
39 38
40 39
41 40
42 41
43 42
44 43
45 44
46 45
47 46
48 47
49 48
50 49
51 50
52 51
53 52
54 53
55 54
56 55
57 56
58 57
59 58
60 59
61 60
62 61
63 62
64 63
65 64
66 65
67 66
68 67
69 68
70 69
71 70
72 71
73 72
74 73
75 74
76 75
77 76
78 77
79 78
80 79
81 80
82 81
83 82
84 83
85 84
86 85
87 86
88 87
89 88
90 89
91 90
92 91
93 92
94 93
95 94
96 95
97 96
98 97
99 98
100 99
101 100
102 101
103 102
104 103
105 104
106 105
107 106
108 107
109 108
110 109
111 110
112 111
113 112
114 113
115 114
116 115
117 116
118 117
119 118
120 119
121 120
122 121
123 122
124 123
125 124
126 125
127 126
128 127
129 128
130 129
131 130
132 131
133 132
134 133
135 134
136 135
137 136
138 137
139 138
140 139
141 140
142 141
143 142
144 143
145 144
146 145
147 146
148 147
149 148
150 149
151 150
152 151
153 152
154 153
155 154
156 155
157 156
158 157
159 158
160 159
161 160
162 161
163 162
164 163
165 164
166 165
167 166
168 167
169 168
170 169
171 170
172 171
173 172
174 173
175 174
176 175
177 176
178 177
179 178
180 179
181 180
182 181
183 182
184 183
185 184
186 185
187 186
188 187
189 188
190 189
191 190
192 191
193 192
194 193
195 194
196 195
197 196
198 197
199 198
200 199
201 200
202 201
203 202
204 203
205 204
206 205
207 206
208 207
209 208
210 209
211 210
212 211
213 212
214 213
215 214
216 215
217 216
218 217
219 218
220 219
221 220
222 221
223 222
224 223
225 224
226 225
227 226
228 227
229 228
230 229
231 230
232 231
233 232
234 233
235 234
236 235
237 236
238 237
239 238
240 239
241 240
242 241
243 242
244 243
245 244
246 245
247 246
248 247
249 248
250 249
251 250
252 251
253 252
254 253
255 254
256 255
257 256
258 257
259 258
260 259
261 260
262 261
263 262
264 263
265 264
266 265
267 266
268 267
269 268
270 269
271 270
272 271
273 272
274 273
275 274
276 275
277 276
278 277
279 278
280 279
281 280
282 281
283 282
284 283
285 284
286 285
287 286
288 287
289 288
290 289
291 290
292 291
293 292
294 293
295 294
296 295
297 296
298 297
299 298
300 299
301 300
302 301
303 302
304 303
305 304
306 305
307 306
308 307
309 308
310 309
311 310
312 311
313 312
314 313
315 314
316 315
317 316
318 317
319 318
320 319
321 320
322 321
323 322
324 323
325 324
326 325
327 326
328 327
329 328
330 329
331 330
332 331
333 332
334 333
335 334
336 335
337 336
338 337
339 338
340 339
341 340
342 341
343 342
344 343
345 344
346 345
347 346
348 347
349 348
350 349
351 350
352 351
353 352
354 353
355 354
356 355
357 356
358 357
359 358
360 359
361 360
362 361
363 362
364 363
365 364
366 365
367 366
368 367
369 368
370 369
371 370
372 371
373 372
374 373
375 374
376 375
377 376
378 377
379 378
380 379
381 380
382 381
383 382
384 383
385 384
386 385
387 386
388 387
389 388
390 389
391 390
392 391
393 392
394 393
395 394
396 395
397 396
398 397
399 398
400 399
401 400
402 401
403 402
404 403
405 404
406 405
407 406
408 407
409 408
410 409
411 410
412 411
413 412
414 413
415 414
416 415
417 416
418 417
419 418
420 419
421 420
422 421
423 422
424 423
425 424
426 425
427 426
428 427
429 428
430 429
431 430
432 431
433 432
434 433
435 434
436 435
437 436
438 437
439 438
440 439
441 440
442 441
443 442
444 443
445 444
446 445
447 446
448 447
449 448
450 449
451 450
452 451
453 452
454 453
455 454
456 455
457 456
458 457
459 458
460 459
461 460
462 461
463 462
464 463
465 464
466 465
467 466
468 467
469 468
470 469
471 470
472 471
473 472
474 473
475 474
476 475
477 476
478 477
479 478
480 479
481 480
482 481
483 482
484 483
485 484
486 485
487 486
488 487
489 488
490 489
491 490
492 491
493 492
494 493
495 494
496 495
497 496
498 497
499 498
500 499
501 500
502 501
503 502
504 503
505 504
506 505
507 506
508 507
509 508
510 509
511 510
512 511
513 512
514 513
515 514
516 515
517 516
518 517
519 518
520 519
521 520
522 521
523 522
524 523
525 524
526 525
527 526
528 527
529 528
530 529
531 530
532 531
533 532
534 533
535 534
536 535
537 536
538 537
539 538
540 539
541 540
542 541
543 542
544 543
545 544
546 545
547 546
548 547
549 548
550 549
551 550
552 551
553 552
554 553
555 554
556 555
557 556
558 557
559 558
560 559
561 560
562 561
563 562
564 563
565 564
566 565
567 566
568 567
569 568
570 569
571 570
572 571
573 572
574 573
575 574
576 575
577 576
578 577
579 578
580 579
581 580
582 581
583 582
584 583
585 584
586 585
587 586
588 587
589 588
590 589
591 590
592 591
593 592
594 593
595 594
596 595
597 596
598 597
599 598
600 599
601 600
602 601
603 602
604 603
605 604
606 605
607 606
608 607
609 608
610 609
611 610
612 611
613 612
614 613
615 614
616 615
617 616
618 617
619 618
620 619
621 620
622 621
623 622
624 623
625 624
626 625
627 626
628 627
629 628
630 629
631 630
632 631
633 632
634 633
635 634
636 635
637 636
638 637
639 638
640 639
641 640
642 641
643 642
644 643
645 644
646 645
647 646
648 647
649 648
650 649
651 650
652 651
653 652
654 653
655 654
656 655
657 656
658 657
659 658
660 659
661 660
662 661
663 662
664 663
665 664
666 665
667 666
668 667
669 668
670 669
671 670
672 671
673 672
674 673
675 674
676 675
677 676
678 677
679 678
680 679
681 680
682 681
683 682
684 683
685 684
686 685
687 686
688 687
689 688
690 689
691 690
692 691
693 692
694 693
695 694
696 695
697 696
698 697
699 698
700 699
701 700
702 701
703 702
704 703
705 704
706 705
707 706
708 707
709 708
710 709
711 710
712 711
713 712
714 713
715 714
716 715
717 716
718 717
719 718
720 719
721 720
722 721
723 722
724 723
725 724
726 725
727 726
728 727
729 728
730 729
731 730
732 731
733 732
734 733
735 734
736 735
737 736
738 737
739 738
740 739
741 740
742 741
743 742
744 743
745 744
746 745
747 746
748 747
749 748
750 749
751 750
752 751
753 752
754 753
755 754
756 755
757 756
758 757
759 758
760 759
761 760
762 761
763 762
764 763
765 764
766 765
767 766
768 767
769 768
770 769
771 770
772 771
773 772
774 773
775 774
776 775
777 776
778 777
779 778
780 779
781 780
782 781
783 782
784 783
785 784
786 785
787 786
788 787
789 788
790 789
791 790
792 791
793 792
794 793
795 794
796 795
797 796
798 797
799 798
800 799
801 800
802 801
803 802
804 803
805 804
806 805
807 806
808 807
809 808
810 809
811 810
812 811
813 812
814 813
815 814
816 815
817 816
818 817
819 818
820 819
821 820
822 821
823 822
824 823
825 824
826 825
827 826
828 827
829 828
830 829
831 830
832 831
833 832
834 833
835 834
836 835
837 836
838 837
839 838
840 839
841 840
842 841
843 842
844 843
845 844
846 845
847 846
848 847
849 848
850 849
851 850
852 851
853 852
854 853
855 854
856 855
857 856
858 857
859 858
860 859
861 860
862 861
863 862
864 863
865 864
866 865
867 866
868 867
869 868
870 869
871 870
872 871
873 872
874 873
875 874
876 875
877 876
878 877
879 878
880 879
881 880
882 881
883 882
884 883
885 884
886 885
887 886
888 887
889 888
890 889
891 890
892 891
893 892
894 893
895 894
896 895
897 896
898 897
899 898
900 899
901 900
902 901
903 902
904 903
905 904
906 905
907 906
908 907
909 908
910 909
911 910
912 911
913 912
914 913
915 914
916 915
917 916
918 917
919 918
920 919
921 920
922 921
923 922
924 923
925 924
926 925
927 926
928 927
929 928
930 929
931 930
932 931
933 932
934 933
935 934
936 935
937 936
938 937
939 938
940 939
941 940
942 941
943 942
944 943
945 944
946 945
947 946
948 947
949 948
950 949
951 950
952 951
953 952
954 953
955 954
956 955
957 956
958 957
959 958
960 959
961 960
962 961
963 962
964 963
965 964
966 965
967 966
968 967
969 968
970 969
971 970
972 971
973 972
974 973
975 974
976 975
977 976
978 977
979 978
980 979
981 980
982 981
983 982
984 983
985 984
986 985
987 986
988 987
989 988
990 989
991 990
992 991
993 992
994 993
995 994
996 995
997 996
998 997
999 998
1000 999
950 948
2 1
3 1
4 3
5 2
6 2
7 1
8 1
9 1
10 6
11 9
12 9
13 4
14 8
15 7
16 11
17 12
18 14
19 4
20 11
21 13
22 13
23 9
24 17
25 23
26 18
27 10
28 16
29 12
30 16
31 8
32 16
33 3
34 32
35 3
36 13
37 7
38 24
39 2
40 5
41 3
42 33
43 38
44 2
45 36
46 35
47 29
48 47
49 15
50 29
51 25
52 43
53 41
54 26
55 7
56 44
57 51
58 8
59 58
60 6
61 55
62 4
63 7
64 58
65 17
66 6
67 18
68 37
69 42
70 69
71 14
72 7
73 3
74 62
75 2
76 14
77 44
78 61
79 3
80 69
81 26
82 73
83 34
84 48
85 53
86 47
87 84
88 50
89 82
90 32
91 64
92 40
93 18
94 39
95 8
96 53
97 59
98 57
99 17
100 58
101 3
102 45
103 61
104 87
105 82
106 63
107 29
108 97
109 107
110 2
111 17
112 87
113 37
114 58
115 96
116 46
117 20
118 96
119 20
120 88
121 91
122 12
123 74
124 54
125 35
126 52
127 68
128 42
129 74
130 48
131 42
132 107
133 101
134 19
135 41
136 120
137 70
138 50
139 82
140 102
141 129
142 89
143 45
144 59
145 137
146 116
147 69
148 4
149 27
150 28
151 121
152 42
153 150
154 115
155 45
156 140
157 108
158 140
159 126
160 103
161 37
162 104
163 9
164 154
165 160
166 105
167 10
168 113
169 82
170 40
171 24
172 23
173 123
174 10
175 78
176 51
177 13
178 51
179 33
180 33
181 32
182 156
183 134
184 75
185 83
186 2
187 44
188 91
189 49
190 45
191 135
192 144
193 52
194 112
195 132
196 120
197 112
198 62
199 126
200 148
201 75
202 196
203 30
204 75
205 16
206 88
207 155
208 31
209 138
210 166
211 36
212 12
213 58
214 119
215 211
216 150
217 83
218 1
219 13
220 1
221 80
222 31
223 162
224 50
225 191
226 126
227 64
228 49
229 78
230 155
231 148
232 70
233 3
234 150
235 31
236 34
237 160
238 4
239 5
240 73
241 118
242 138
243 233
244 169
245 209
246 223
247 234
248 188
249 189
250 20
251 16
252 70
253 95
254 95
255 171
256 137
257 15
258 205
259 44
260 33
261 81
262 98
263 63
264 202
265 81
266 238
267 124
268 132
269 135
270 52
271 165
272 162
273 123
274 217
275 231
276 35
277 246
278 179
279 21
280 234
281 49
282 41
283 258
284 156
285 233
286 75
287 112
288 276
289 235
290 213
291 75
292 196
293 193
294 100
295 65
296 127
297 174
298 174
299 26
300 68
301 62
302 143
303 10
304 223
305 1
306 55
307 262
308 134
309 11
310 22
311 41
312 199
313 200
314 91
315 209
316 81
317 199
318 51
319 159
320 65
321 284
322 262
323 270
324 125
325 78
326 225
327 202
328 286
329 313
330 34
331 6
332 298
333 224
334 207
335 211
336 92
337 94
338 313
339 314
340 220
341 295
342 94
343 209
344 308
345 1
346 247
347 169
348 33
349 204
350 152
351 197
352 192
353 329
354 187
355 260
356 39
357 33
358 21
359 91
360 262
361 10
362 249
363 43
364 96
365 70
366 147
367 235
368 44
369 252
370 296
371 15
372 209
373 191
374 28
375 319
376 318
377 372
378 375
379 6
380 274
381 164
382 241
383 1
384 155
385 26
386 220
387 375
388 10
389 30
390 112
391 194
392 318
393 113
394 108
395 65
396 186
397 11
398 184
399 395
400 148
401 339
402 304
403 54
404 179
405 241
406 330
407 375
408 137
409 122
410 66
411 99
412 266
413 111
414 264
415 181
416 93
417 23
418 198
419 175
420 295
421 15
422 110
423 339
424 178
425 271
426 35
427 324
428 11
429 259
430 122
431 159
432 323
433 249
434 80
435 212
436 263
437 392
438 411
439 201
440 209
441 218
442 203
443 223
444 410
445 14
446 106
447 315
448 30
449 201
450 107
451 236
452 271
453 158
454 135
455 40
456 290
457 11
458 8
459 194
460 325
461 262
462 375
463 121
464 206
465 424
466 58
467 205
468 352
469 5
470 328
471 460
472 469
473 372
474 45
475 120
476 170
477 328
478 382
479 319
480 224
481 119
482 77
483 341
484 70
485 370
486 237
487 468
488 360
489 237
490 319
491 468
492 237
493 297
494 83
495 122
496 229
497 375
498 81
499 479
500 316
501 299
502 409
503 308
504 316
505 432
506 433
507 88
508 459
509 181
510 1
511 230
512 236
513 233
514 384
515 402
516 395
517 124
518 512
519 180
520 365
521 454
522 521
523 509
524 508
525 295
526 243
527 454
528 196
529 367
530 126
531 298
532 510
533 502
534 239
535 345
536 94
537 479
538 419
539 189
540 172
541 378
542 255
543 338
544 321
545 200
546 278
547 109
548 283
549 102
550 454
551 28
552 217
553 325
554 457
555 7
556 231
557 304
558 44
559 529
560 64
561 407
562 65
563 9
564 509
565 274
566 296
567 352
568 511
569 89
570 244
571 396
572 556
573 58
574 549
575 197
576 382
577 507
578 177
579 207
580 361
581 90
582 103
583 68
584 341
585 194
586 540
587 240
588 303
589 297
590 168
591 234
592 73
593 231
594 320
595 76
596 185
597 392
598 530
599 518
600 32
601 196
602 76
603 76
604 208
605 394
606 20
607 64
608 265
609 298
610 42
611 247
612 406
613 372
614 167
615 432
616 302
617 46
618 276
619 564
620 190
621 53
622 523
623 89
624 276
625 55
626 385
627 469
628 153
629 479
630 181
631 317
632 89
633 594
634 511
635 243
636 248
637 12
638 113
639 460
640 155
641 382
642 166
643 383
644 413
645 243
646 51
647 419
648 583
649 24
650 601
651 284
652 477
653 128
654 329
655 328
656 134
657 112
658 655
659 5
660 388
661 403
662 209
663 61
664 536
665 626
666 205
667 489
668 583
669 158
670 272
671 287
672 173
673 510
674 148
675 21
676 16
677 63
678 70
679 356
680 378
681 88
682 107
683 158
684 22
685 23
686 72
687 540
688 634
689 633
690 624
691 191
692 374
693 633
694 532
695 645
696 235
697 148
698 461
699 402
700 429
701 595
702 585
703 173
704 123
705 498
706 158
707 402
708 264
709 316
710 247
711 215
712 393
713 527
714 526
715 208
716 505
717 509
718 283
719 232
720 392
721 634
722 431
723 167
724 342
725 68
726 722
727 335
728 273
729 553
730 174
731 330
732 652
733 60
734 92
735 154
736 24
737 163
738 536
739 354
740 322
741 223
742 13
743 192
744 730
745 236
746 220
747 537
748 518
749 458
750 533
751 580
752 141
753 732
754 441
755 711
756 11
757 280
758 664
759 107
760 63
761 688
762 490
763 386
764 535
765 540
766 572
767 388
768 176
769 472
770 156
771 235
772 106
773 266
774 158
775 101
776 640
777 727
778 285
779 766
780 64
781 167
782 714
783 446
784 512
785 742
786 491
787 13
788 568
789 74
790 205
791 427
792 25
793 217
794 191
795 329
796 520
797 207
798 789
799 323
800 196
801 537
802 200
803 485
804 783
805 436
806 594
807 19
808 231
809 16
810 335
811 537
812 299
813 58
814 54
815 706
816 468
817 272
818 155
819 597
820 438
821 553
822 273
823 50
824 734
825 421
826 666
827 427
828 184
829 462
830 802
831 697
832 600
833 430
834 406
835 383
836 375
837 754
838 297
839 712
840 101
841 328
842 421
843 378
844 302
845 410
846 627
847 491
848 344
849 275
850 326
851 629
852 87
853 513
854 203
855 37
856 401
857 451
858 50
859 264
860 500
861 859
862 179
863 566
864 719
865 736
866 303
867 722
868 618
869 162
870 533
871 544
872 736
873 118
874 25
875 314
876 45
877 528
878 441
879 199
880 105
881 502
882 257
883 621
884 440
885 459
886 308
887 236
888 607
889 595
890 135
891 163
892 560
893 236
894 300
895 374
896 84
897 630
898 700
899 856
900 170
901 159
902 249
903 244
904 631
905 619
906 526
907 119
908 541
909 266
910 40
911 784
912 602
913 177
914 839
915 393
916 199
917 58
918 884
919 183
920 505
921 174
922 278
923 138
924 588
925 773
926 876
927 69
928 328
929 505
930 854
931 335
932 243
933 26
934 273
935 24
936 501
937 526
938 214
939 215
940 822
941 439
942 319
943 651
944 514
945 733
946 296
947 863
948 602
949 930
950 581
939 936
2 1
3 1
4 3
5 3
6 2
7 4
8 4
9 6
10 7
11 3
12 4
13 12
14 2
15 7
16 6
17 12
18 10
19 6
20 14
21 9
22 10
23 2
24 8
25 12
26 10
27 11
28 9
29 20
30 25
31 27
32 5
33 14
34 20
35 6
36 29
37 22
38 10
39 13
40 26
41 29
42 30
43 34
44 9
45 43
46 6
47 18
48 25
49 22
50 22
51 42
52 17
53 39
54 7
55 7
56 36
57 45
58 54
59 56
60 42
61 4
62 15
63 55
64 59
65 24
66 55
67 36
68 47
69 18
70 62
71 14
72 59
73 2
74 10
75 24
76 4
77 9
78 70
79 5
80 57
81 9
82 25
83 66
84 54
85 47
86 36
87 83
88 31
89 88
90 63
91 63
92 23
93 68
94 32
95 7
96 33
97 30
98 93
99 95
100 59
101 60
102 84
103 30
104 69
105 45
106 21
107 78
108 65
109 4
110 46
111 59
112 26
113 44
114 68
115 84
116 103
117 112
118 18
119 98
120 47
121 38
122 38
123 103
124 88
125 19
126 67
127 60
128 26
129 9
130 96
131 89
132 57
133 7
134 39
135 69
136 103
137 135
138 40
139 54
140 103
141 85
142 88
143 78
144 141
145 136
146 73
147 104
148 39
149 135
150 143
151 110
152 65
153 38
154 94
155 114
156 149
157 53
158 142
159 140
160 112
161 64
162 24
163 100
164 138
165 19
166 15
167 57
168 127
169 128
170 166
171 158
172 37
173 19
174 7
175 89
176 113
177 69
178 83
179 148
180 108
181 8
182 89
183 7
184 12
185 57
186 3
187 37
188 133
189 99
190 174
191 56
192 96
193 108
194 188
195 42
196 57
197 14
198 44
199 124
200 119
201 79
202 176
203 99
204 21
205 188
206 59
207 4
208 34
209 202
210 171
211 24
212 104
213 42
214 4
215 197
216 56
217 23
218 209
219 146
220 183
221 61
222 195
223 133
224 96
225 148
226 117
227 85
228 97
229 174
230 101
231 16
232 111
233 77
234 33
235 212
236 12
237 168
238 192
239 30
240 141
241 224
242 10
243 17
244 132
245 210
246 239
247 202
248 225
249 111
250 56
251 126
252 178
253 230
254 8
255 121
256 244
257 66
258 125
259 204
260 133
261 199
262 172
263 230
264 260
265 26
266 139
267 207
268 24
269 88
270 235
271 247
272 116
273 158
274 149
275 49
276 16
277 107
278 52
279 184
280 169
281 114
282 79
283 221
284 257
285 279
286 137
287 48
288 2
289 59
290 249
291 283
292 2
293 198
294 166
295 143
296 187
297 197
298 297
299 159
300 178
301 20
302 223
303 231
304 30
305 77
306 170
307 225
308 307
309 178
310 16
311 70
312 246
313 167
314 225
315 168
316 286
317 28
318 154
319 190
320 21
321 137
322 87
323 63
324 11
325 135
326 260
327 221
328 248
329 38
330 321
331 104
332 286
333 175
334 197
335 130
336 73
337 213
338 227
339 17
340 297
341 50
342 16
343 166
344 252
345 279
346 118
347 141
348 97
349 288
350 176
351 179
352 203
353 148
354 312
355 111
356 304
357 325
358 34
359 147
360 258
361 302
362 197
363 98
364 305
365 194
366 132
367 256
368 323
369 285
370 150
371 242
372 86
373 192
374 36
375 30
376 43
377 257
378 255
379 92
380 291
381 103
382 43
383 158
384 168
385 67
386 346
387 303
388 32
389 64
390 33
391 381
392 347
393 245
394 19
395 361
396 41
397 208
398 304
399 350
400 1
401 237
402 292
403 32
404 107
405 215
406 32
407 270
408 201
409 166
410 370
411 309
412 346
413 246
414 339
415 182
416 258
417 31
418 99
419 151
420 46
421 318
422 116
423 131
424 241
425 410
426 47
427 295
428 286
429 346
430 356
431 356
432 306
433 302
434 34
435 90
436 226
437 72
438 378
439 146
440 118
441 318
442 164
443 406
444 278
445 37
446 445
447 203
448 156
449 112
450 359
451 108
452 270
453 272
454 102
455 445
456 175
457 366
458 245
459 454
460 322
461 91
462 143
463 158
464 99
465 152
466 100
467 440
468 156
469 311
470 158
471 146
472 363
473 192
474 218
475 235
476 225
477 435
478 462
479 100
480 251
481 188
482 446
483 51
484 177
485 61
486 311
487 357
488 295
489 368
490 373
491 378
492 341
493 284
494 473
495 95
496 167
497 290
498 416
499 431
500 123
501 327
502 377
503 206
504 9
505 461
506 365
507 428
508 64
509 65
510 120
511 483
512 232
513 14
514 401
515 192
516 222
517 143
518 187
519 261
520 87
521 449
522 78
523 40
524 501
525 129
526 451
527 477
528 138
529 453
530 442
531 157
532 80
533 525
534 32
535 72
536 393
537 236
538 53
539 210
540 421
541 494
542 297
543 428
544 187
545 524
546 251
547 254
548 226
549 406
550 235
551 314
552 241
553 409
554 19
555 354
556 409
557 97
558 510
559 93
560 457
561 472
562 206
563 57
564 373
565 8
566 42
567 391
568 366
569 77
570 86
571 421
572 561
573 131
574 330
575 389
576 340
577 415
578 509
579 141
580 570
581 43
582 506
583 444
584 521
585 183
586 212
587 396
588 463
589 17
590 573
591 454
592 107
593 116
594 536
595 51
596 278
597 433
598 139
599 49
600 470
601 234
602 237
603 351
604 148
605 303
606 242
607 162
608 353
609 526
610 368
611 443
612 387
613 590
614 259
615 589
616 598
617 219
618 507
619 438
620 40
621 476
622 514
623 100
624 582
625 305
626 568
627 223
628 446
629 67
630 270
631 45
632 89
633 505
634 215
635 56
636 459
637 276
638 611
639 117
640 217
641 290
642 629
643 346
644 207
645 506
646 361
647 501
648 140
649 311
650 115
651 390
652 61
653 3
654 74
655 64
656 522
657 70
658 453
659 265
660 166
661 87
662 144
663 404
664 265
665 482
666 102
667 504
668 212
669 423
670 564
671 643
672 565
673 418
674 113
675 548
676 599
677 8
678 575
679 577
680 482
681 232
682 245
683 432
684 623
685 525
686 204
687 644
688 383
689 555
690 48
691 345
692 29
693 133
694 416
695 135
696 584
697 318
698 272
699 605
700 514
701 50
702 82
703 500
704 201
705 151
706 476
707 287
708 334
709 71
710 372
711 410
712 522
713 657
714 219
715 78
716 505
717 639
718 257
719 185
720 489
721 538
722 443
723 131
724 643
725 604
726 150
727 407
728 466
729 109
730 645
731 583
732 535
733 565
734 91
735 287
736 409
737 264
738 64
739 289
740 351
741 720
742 535
743 81
744 246
745 663
746 477
747 345
748 703
749 381
750 558
751 215
752 181
753 536
754 350
755 425
756 123
757 388
758 330
759 64
760 487
761 326
762 739
763 127
764 530
765 111
766 238
767 93
768 134
769 766
770 501
771 494
772 78
773 410
774 757
775 9
776 762
777 77
778 776
779 574
780 153
781 246
782 226
783 338
784 330
785 80
786 319
787 158
788 26
789 78
790 152
791 663
792 173
793 434
794 589
795 249
796 225
797 649
798 573
799 266
800 469
801 673
802 294
803 495
804 173
805 790
806 271
807 106
808 24
809 777
810 282
811 313
812 282
813 434
814 282
815 82
816 495
817 24
818 439
819 400
820 175
821 146
822 229
823 299
824 82
825 424
826 110
827 46
828 464
829 310
830 633
831 400
832 173
833 600
834 815
835 22
836 771
837 284
838 252
839 73
840 232
841 403
842 17
843 631
844 436
845 422
846 53
847 245
848 451
849 472
850 420
851 261
852 88
853 388
854 39
855 254
856 695
857 25
858 223
859 193
860 223
861 175
862 487
863 75
864 393
865 204
866 77
867 217
868 552
869 379
870 709
871 306
872 116
873 829
874 542
875 396
876 69
877 106
878 801
879 167
880 190
881 377
882 243
883 325
884 701
885 186
886 673
887 741
888 206
889 204
890 720
891 820
892 195
893 560
894 548
895 215
896 666
897 804
898 269
899 834
900 571
901 403
902 125
903 183
904 845
905 844
906 772
907 112
908 182
909 570
910 863
911 394
912 53
913 307
914 115
915 132
916 554
917 307
918 98
919 754
920 627
921 658
922 437
923 125
924 249
925 904
926 754
927 545
928 124
929 393
930 903
931 657
932 104
933 638
934 905
935 370
936 716
937 162
938 424
939 581
955 955
2 1
3 1
4 3
5 1
6 1
7 6
8 4
9 5
10 7
11 1
12 9
13 3
14 5
15 4
16 15
17 12
18 4
19 13
20 5
21 2
22 17
23 10
24 2
25 17
26 6
27 17
28 5
29 23
30 4
31 13
32 18
33 27
34 17
35 6
36 23
37 3
38 14
39 23
40 27
41 8
42 12
43 14
44 23
45 10
46 40
47 33
48 4
49 31
50 14
51 33
52 20
53 28
54 38
55 19
56 32
57 15
58 6
59 20
60 35
61 59
62 56
63 47
64 52
65 13
66 60
67 37
68 65
69 51
70 38
71 67
72 51
73 58
74 53
75 22
76 56
77 3
78 16
79 75
80 17
81 42
82 37
83 43
84 29
85 35
86 14
87 37
88 53
89 46
90 31
91 33
92 59
93 53
94 72
95 75
96 28
97 58
98 15
99 68
100 61
101 66
102 86
103 89
104 84
105 32
106 101
107 15
108 87
109 7
110 58
111 100
112 82
113 68
114 47
115 75
116 115
117 18
118 84
119 86
120 81
121 30
122 88
123 67
124 53
125 61
126 79
127 8
128 37
129 75
130 5
131 77
132 120
133 15
134 109
135 15
136 40
137 45
138 28
139 16
140 108
141 98
142 96
143 71
144 67
145 86
146 40
147 125
148 144
149 34
150 142
151 3
152 118
153 80
154 116
155 16
156 108
157 32
158 124
159 121
160 116
161 40
162 15
163 122
164 150
165 148
166 154
167 60
168 28
169 150
170 70
171 145
172 150
173 80
174 120
175 80
176 95
177 39
178 143
179 49
180 101
181 178
182 142
183 64
184 81
185 36
186 130
187 91
188 20
189 158
190 66
191 188
192 115
193 184
194 150
195 61
196 82
197 113
198 87
199 195
200 142
201 158
202 73
203 175
204 130
205 23
206 183
207 186
208 163
209 192
210 22
211 135
212 29
213 135
214 40
215 42
216 174
217 33
218 100
219 143
220 133
221 202
222 120
223 135
224 59
225 68
226 49
227 172
228 227
229 203
230 100
231 108
232 88
233 91
234 122
235 10
236 38
237 218
238 68
239 203
240 8
241 201
242 204
243 149
244 98
245 80
246 177
247 194
248 160
249 232
250 95
251 12
252 68
253 181
254 36
255 78
256 109
257 148
258 144
259 23
260 115
261 178
262 252
263 219
264 239
265 173
266 96
267 70
268 74
269 51
270 218
271 212
272 172
273 73
274 266
275 144
276 5
277 98
278 118
279 166
280 162
281 120
282 203
283 6
284 124
285 6
286 223
287 49
288 13
289 142
290 244
291 9
292 33
293 209
294 170
295 41
296 241
297 189
298 230
299 192
300 8
301 58
302 178
303 299
304 145
305 249
306 286
307 146
308 139
309 204
310 41
311 209
312 90
313 242
314 161
315 6
316 81
317 146
318 147
319 27
320 147
321 157
322 160
323 306
324 130
325 297
326 81
327 17
328 3
329 59
330 150
331 311
332 50
333 261
334 63
335 231
336 204
337 336
338 6
339 198
340 186
341 119
342 239
343 285
344 129
345 85
346 30
347 109
348 130
349 100
350 317
351 343
352 222
353 39
354 206
355 352
356 157
357 237
358 129
359 129
360 191
361 6
362 142
363 187
364 246
365 57
366 125
367 358
368 146
369 23
370 315
371 329
372 309
373 227
374 30
375 154
376 188
377 26
378 259
379 331
380 341
381 213
382 229
383 69
384 230
385 277
386 343
387 165
388 44
389 354
390 176
391 2
392 95
393 391
394 178
395 249
396 356
397 177
398 95
399 71
400 50
401 5
402 247
403 138
404 236
405 291
406 110
407 95
408 121
409 265
410 375
411 275
412 307
413 33
414 89
415 72
416 208
417 270
418 394
419 277
420 40
421 36
422 301
423 404
424 41
425 277
426 1
427 273
428 309
429 46
430 337
431 162
432 63
433 275
434 325
435 176
436 384
437 264
438 265
439 114
440 294
441 185
442 210
443 101
444 356
445 339
446 253
447 2
448 85
449 59
450 186
451 302
452 8
453 206
454 239
455 431
456 56
457 73
458 441
459 39
460 279
461 99
462 406
463 153
464 462
465 57
466 58
467 47
468 193
469 153
470 418
471 447
472 218
473 75
474 92
475 361
476 99
477 7
478 184
479 329
480 127
481 67
482 135
483 146
484 161
485 428
486 29
487 427
488 278
489 90
490 273
491 29
492 180
493 242
494 332
495 256
496 467
497 30
498 5
499 272
500 212
501 499
502 184
503 228
504 322
505 22
506 216
507 397
508 494
509 155
510 424
511 423
512 55
513 335
514 332
515 40
516 378
517 195
518 506
519 118
520 2
521 513
522 122
523 283
524 176
525 335
526 110
527 373
528 11
529 235
530 39
531 60
532 325
533 237
534 444
535 395
536 350
537 51
538 350
539 433
540 288
541 476
542 324
543 240
544 246
545 422
546 233
547 4
548 223
549 131
550 470
551 396
552 517
553 198
554 183
555 435
556 259
557 115
558 396
559 331
560 452
561 183
562 261
563 121
564 161
565 240
566 496
567 389
568 190
569 393
570 441
571 277
572 483
573 137
574 376
575 469
576 31
577 17
578 521
579 394
580 513
581 167
582 380
583 518
584 86
585 416
586 271
587 383
588 409
589 478
590 203
591 299
592 568
593 250
594 465
595 530
596 36
597 576
598 12
599 422
600 301
601 97
602 185
603 113
604 579
605 224
606 297
607 482
608 118
609 440
610 279
611 28
612 259
613 416
614 374
615 272
616 539
617 472
618 566
619 209
620 319
621 11
622 516
623 157
624 324
625 574
626 272
627 409
628 191
629 340
630 127
631 601
632 416
633 322
634 622
635 168
636 212
637 293
638 397
639 614
640 562
641 194
642 518
643 508
644 643
645 589
646 454
647 423
648 251
649 613
650 98
651 338
652 351
653 23
654 461
655 132
656 104
657 25
658 531
659 574
660 351
661 21
662 373
663 494
664 182
665 485
666 365
667 268
668 29
669 657
670 624
671 258
672 634
673 632
674 376
675 162
676 268
677 643
678 53
679 652
680 124
681 192
682 674
683 146
684 400
685 5
686 564
687 580
688 111
689 643
690 446
691 53
692 141
693 26
694 615
695 60
696 56
697 114
698 287
699 650
700 58
701 404
702 371
703 572
704 475
705 97
706 588
707 568
708 362
709 14
710 50
711 427
712 572
713 280
714 249
715 162
716 104
717 254
718 447
719 217
720 558
721 5
722 272
723 513
724 692
725 96
726 478
727 7
728 282
729 616
730 275
731 3
732 532
733 665
734 200
735 534
736 330
737 70
738 157
739 710
740 600
741 109
742 705
743 226
744 501
745 526
746 90
747 515
748 160
749 454
750 396
751 561
752 598
753 423
754 583
755 360
756 630
757 654
758 104
759 85
760 667
761 376
762 27
763 145
764 570
765 469
766 582
767 468
768 118
769 750
770 353
771 57
772 726
773 456
774 180
775 107
776 132
777 642
778 211
779 229
780 692
781 608
782 525
783 436
784 516
785 512
786 513
787 157
788 36
789 713
790 119
791 384
792 89
793 569
794 415
795 460
796 233
797 7
798 212
799 442
800 40
801 482
802 216
803 329
804 770
805 793
806 350
807 382
808 109
809 651
810 583
811 390
812 58
813 356
814 298
815 218
816 438
817 249
818 201
819 505
820 429
821 28
822 240
823 599
824 305
825 572
826 228
827 447
828 668
829 304
830 631
831 509
832 517
833 745
834 441
835 485
836 671
837 301
838 710
839 78
840 160
841 601
842 172
843 63
844 367
845 255
846 838
847 418
848 670
849 809
850 10
851 700
852 241
853 392
854 433
855 242
856 503
857 816
858 619
859 529
860 740
861 671
862 532
863 684
864 74
865 108
866 110
867 600
868 334
869 743
870 235
871 80
872 45
873 318
874 748
875 161
876 381
877 49
878 289
879 408
880 347
881 217
882 266
883 74
884 147
885 573
886 826
887 418
888 375
889 878
890 397
891 310
892 270
893 157
894 199
895 37
896 214
897 851
898 59
899 624
900 504
901 345
902 457
903 512
904 812
905 767
906 796
907 48
908 567
909 401
910 807
911 541
912 80
913 336
914 44
915 669
916 207
917 298
918 477
919 698
920 366
921 382
922 665
923 833
924 138
925 630
926 346
927 691
928 301
929 613
930 587
931 603
932 620
933 447
934 17
935 193
936 83
937 439
938 733
939 289
940 699
941 868
942 507
943 444
944 253
945 919
946 220
947 605
948 731
949 828
950 888
951 672
952 928
953 423
954 561
955 814
979 978
2 1
3 2
4 3
5 3
6 3
7 6
8 2
9 2
10 1
11 1
12 8
13 12
14 2
15 14
16 9
17 10
18 1
19 15
20 10
21 18
22 9
23 5
24 9
25 22
26 2
27 18
28 5
29 18
30 23
31 13
32 12
33 3
34 1
35 28
36 33
37 12
38 16
39 38
40 26
41 14
42 21
43 24
44 14
45 22
46 4
47 37
48 4
49 9
50 27
51 16
52 28
53 36
54 16
55 16
56 54
57 45
58 3
59 38
60 30
61 38
62 12
63 60
64 11
65 51
66 14
67 39
68 17
69 53
70 41
71 3
72 58
73 10
74 25
75 74
76 11
77 66
78 72
79 8
80 20
81 4
82 80
83 9
84 54
85 5
86 50
87 72
88 87
89 8
90 84
91 78
92 28
93 80
94 92
95 33
96 16
97 2
98 56
99 85
100 28
101 78
102 73
103 68
104 9
105 62
106 46
107 22
108 78
109 40
110 25
111 107
112 98
113 49
114 75
115 26
116 19
117 95
118 5
119 88
120 102
121 104
122 120
123 99
124 112
125 39
126 104
127 112
128 53
129 23
130 125
131 61
132 89
133 10
134 124
135 57
136 90
137 52
138 40
139 96
140 95
141 3
142 15
143 2
144 122
145 105
146 1
147 122
148 39
149 31
150 2
151 74
152 30
153 37
154 37
155 34
156 97
157 84
158 78
159 95
160 150
161 59
162 146
163 19
164 146
165 121
166 15
167 160
168 161
169 145
170 42
171 65
172 24
173 127
174 117
175 124
176 94
177 163
178 47
179 125
180 43
181 32
182 153
183 98
184 114
185 142
186 20
187 169
188 103
189 22
190 134
191 15
192 150
193 53
194 54
195 52
196 87
197 180
198 71
199 185
200 143
201 192
202 54
203 65
204 95
205 18
206 95
207 13
208 99
209 40
210 90
211 53
212 47
213 176
214 178
215 104
216 176
217 68
218 44
219 49
220 122
221 42
222 5
223 186
224 52
225 142
226 20
227 145
228 57
229 103
230 208
231 56
232 19
233 175
234 134
235 209
236 14
237 2
238 109
239 98
240 49
241 15
242 59
243 56
244 131
245 67
246 150
247 40
248 71
249 38
250 145
251 116
252 110
253 116
254 220
255 247
256 17
257 206
258 116
259 206
260 7
261 1
262 134
263 71
264 32
265 166
266 43
267 61
268 202
269 179
270 56
271 260
272 111
273 225
274 236
275 118
276 259
277 50
278 150
279 104
280 89
281 197
282 268
283 274
284 220
285 187
286 142
287 97
288 92
289 220
290 169
291 67
292 179
293 27
294 192
295 4
296 35
297 6
298 269
299 151
300 27
301 226
302 228
303 79
304 146
305 165
306 218
307 141
308 108
309 245
310 63
311 305
312 87
313 24
314 187
315 95
316 67
317 176
318 227
319 36
320 132
321 289
322 231
323 62
324 167
325 184
326 137
327 268
328 228
329 287
330 105
331 250
332 254
333 298
334 309
335 211
336 310
337 212
338 227
339 241
340 83
341 27
342 211
343 39
344 268
345 296
346 45
347 143
348 253
349 222
350 176
351 182
352 13
353 260
354 280
355 69
356 346
357 257
358 256
359 319
360 323
361 360
362 122
363 25
364 321
365 44
366 349
367 364
368 192
369 118
370 84
371 236
372 193
373 32
374 309
375 201
376 302
377 164
378 84
379 322
380 117
381 178
382 107
383 53
384 188
385 238
386 75
387 375
388 364
389 230
390 305
391 329
392 116
393 82
394 160
395 312
396 169
397 380
398 66
399 384
400 178
401 50
402 400
403 122
404 41
405 66
406 323
407 22
408 172
409 205
410 290
411 161
412 137
413 231
414 37
415 135
416 85
417 327
418 45
419 347
420 327
421 54
422 172
423 90
424 355
425 204
426 343
427 188
428 239
429 73
430 305
431 140
432 70
433 289
434 63
435 99
436 410
437 191
438 67
439 46
440 5
441 195
442 78
443 282
444 326
445 426
446 107
447 43
448 26
449 54
450 120
451 433
452 184
453 401
454 315
455 408
456 239
457 159
458 214
459 199
460 231
461 224
462 137
463 156
464 350
465 90
466 132
467 422
468 88
469 419
470 319
471 97
472 230
473 117
474 333
475 234
476 101
477 443
478 22
479 273
480 43
481 195
482 244
483 130
484 5
485 133
486 211
487 15
488 461
489 34
490 80
491 1
492 179
493 400
494 277
495 271
496 49
497 86
498 192
499 105
500 419
501 299
502 222
503 197
504 164
505 204
506 32
507 196
508 346
509 213
510 358
511 417
512 12
513 247
514 509
515 400
516 450
517 471
518 16
519 85
520 357
521 62
522 112
523 70
524 132
525 70
526 165
527 29
528 44
529 460
530 9
531 518
532 345
533 18
534 90
535 274
536 5
537 375
538 6
539 450
540 406
541 245
542 48
543 525
544 438
545 90
546 131
547 269
548 496
549 266
550 171
551 521
552 549
553 139
554 317
555 28
556 531
557 518
558 3
559 355
560 229
561 421
562 344
563 321
564 146
565 242
566 53
567 131
568 503
569 7
570 297
571 174
572 147
573 394
574 81
575 443
576 244
577 51
578 351
579 99
580 123
581 223
582 411
583 456
584 318
585 176
586 19
587 283
588 181
589 359
590 349
591 375
592 27
593 249
594 228
595 586
596 328
597 432
598 451
599 456
600 478
601 507
602 231
603 315
604 524
605 333
606 592
607 457
608 25
609 11
610 209
611 4
612 95
613 401
614 424
615 116
616 282
617 166
618 169
619 79
620 370
621 65
622 617
623 184
624 580
625 479
626 10
627 232
628 264
629 10
630 496
631 403
632 132
633 220
634 67
635 578
636 525
637 113
638 333
639 317
640 525
641 617
642 136
643 531
644 254
645 146
646 499
647 466
648 3
649 44
650 622
651 108
652 454
653 465
654 317
655 378
656 376
657 191
658 185
659 138
660 224
661 640
662 184
663 148
664 78
665 434
666 344
667 395
668 156
669 35
670 569
671 413
672 91
673 150
674 535
675 270
676 503
677 594
678 147
679 472
680 592
681 531
682 296
683 528
684 340
685 71
686 357
687 590
688 401
689 435
690 173
691 232
692 261
693 458
694 478
695 257
696 667
697 580
698 151
699 423
700 659
701 550
702 282
703 687
704 416
705 218
706 429
707 462
708 452
709 307
710 700
711 530
712 581
713 18
714 713
715 348
716 368
717 162
718 29
719 434
720 628
721 720
722 581
723 205
724 548
725 530
726 719
727 490
728 312
729 467
730 225
731 356
732 249
733 540
734 668
735 654
736 304
737 572
738 593
739 704
740 98
741 546
742 275
743 10
744 144
745 226
746 691
747 466
748 523
749 11
750 268
751 625
752 232
753 33
754 346
755 705
756 748
757 227
758 720
759 423
760 480
761 422
762 182
763 80
764 187
765 354
766 70
767 348
768 669
769 708
770 109
771 678
772 371
773 173
774 521
775 454
776 161
777 515
778 524
779 624
780 336
781 30
782 657
783 113
784 6
785 668
786 479
787 248
788 634
789 579
790 140
791 762
792 199
793 62
794 391
795 19
796 485
797 242
798 143
799 279
800 630
801 315
802 228
803 6
804 588
805 492
806 398
807 485
808 311
809 452
810 647
811 510
812 268
813 289
814 109
815 2
816 13
817 233
818 317
819 402
820 53
821 710
822 471
823 485
824 670
825 130
826 470
827 375
828 103
829 568
830 370
831 349
832 805
833 425
834 417
835 42
836 742
837 191
838 157
839 237
840 117
841 533
842 700
843 754
844 481
845 683
846 12
847 24
848 277
849 801
850 4
851 223
852 664
853 142
854 759
855 743
856 515
857 635
858 61
859 690
860 155
861 543
862 359
863 588
864 390
865 342
866 102
867 824
868 464
869 1
870 537
871 71
872 377
873 488
874 862
875 245
876 807
877 726
878 627
879 795
880 27
881 748
882 566
883 421
884 568
885 240
886 378
887 334
888 178
889 488
890 552
891 630
892 675
893 248
894 642
895 328
896 246
897 520
898 867
899 695
900 580
901 802
902 114
903 122
904 417
905 474
906 72
907 698
908 59
909 271
910 598
911 783
912 464
913 241
914 481
915 447
916 107
917 899
918 358
919 693
920 462
921 402
922 253
923 488
924 535
925 831
926 570
927 111
928 561
929 586
930 181
931 566
932 144
933 519
934 337
935 206
936 884
937 198
938 791
939 661
940 54
941 613
942 600
943 148
944 415
945 200
946 929
947 479
948 333
949 624
950 364
951 899
952 110
953 329
954 637
955 60
956 657
957 731
958 296
959 118
960 381
961 546
962 597
963 813
964 666
965 744
966 697
967 145
968 2
969 161
970 279
971 469
972 574
973 797
974 87
975 583
976 613
977 763
978 135
979 664
913 910
2 1
3 2
4 2
5 4
6 1
7 1
8 5
9 8
10 7
11 1
12 10
13 4
14 10
15 7
16 6
17 4
18 9
19 11
20 6
21 18
22 20
23 22
24 14
25 10
26 4
27 2
28 24
29 28
30 17
31 9
32 10
33 31
34 27
35 4
36 15
37 36
38 16
39 38
40 38
41 11
42 4
43 18
44 40
45 9
46 6
47 8
48 38
49 44
50 24
51 30
52 29
53 31
54 17
55 44
56 3
57 33
58 49
59 35
60 2
61 43
62 29
63 6
64 25
65 47
66 29
67 20
68 9
69 36
70 5
71 43
72 25
73 48
74 42
75 59
76 56
77 13
78 74
79 56
80 19
81 15
82 18
83 45
84 78
85 40
86 59
87 17
88 41
89 85
90 51
91 12
92 44
93 29
94 43
95 13
96 49
97 15
98 6
99 22
100 62
101 53
102 6
103 18
104 60
105 30
106 86
107 62
108 98
109 47
110 9
111 43
112 54
113 54
114 62
115 5
116 28
117 107
118 7
119 33
120 41
121 23
122 44
123 5
124 67
125 61
126 119
127 103
128 108
129 71
130 25
131 119
132 37
133 126
134 51
135 77
136 89
137 38
138 122
139 127
140 87
141 136
142 132
143 73
144 76
145 104
146 7
147 10
148 28
149 5
150 57
151 48
152 91
153 47
154 23
155 104
156 29
157 16
158 135
159 35
160 78
161 158
162 58
163 95
164 57
165 64
166 130
167 98
168 20
169 111
170 86
171 68
172 54
173 107
174 164
175 125
176 82
177 62
178 123
179 67
180 4
181 141
182 17
183 118
184 105
185 36
186 73
187 83
188 73
189 118
190 145
191 47
192 74
193 93
194 178
195 13
196 186
197 39
198 18
199 102
200 37
201 130
202 126
203 189
204 81
205 77
206 32
207 27
208 18
209 192
210 183
211 198
212 37
213 80
214 143
215 122
216 139
217 111
218 207
219 214
220 94
221 26
222 217
223 88
224 141
225 11
226 68
227 221
228 29
229 38
230 188
231 21
232 7
233 87
234 177
235 52
236 173
237 214
238 60
239 204
240 176
241 37
242 153
243 201
244 104
245 237
246 73
247 132
248 191
249 239
250 27
251 234
252 53
253 129
254 207
255 54
256 168
257 49
258 229
259 179
260 158
261 106
262 101
263 217
264 161
265 221
266 227
267 250
268 42
269 225
270 100
271 95
272 7
273 70
274 265
275 170
276 194
277 86
278 113
279 57
280 119
281 37
282 32
283 237
284 22
285 246
286 130
287 13
288 187
289 215
290 256
291 167
292 99
293 70
294 210
295 258
296 126
297 180
298 67
299 115
300 125
301 3
302 246
303 264
304 227
305 26
306 167
307 214
308 100
309 159
310 235
311 270
312 277
313 256
314 256
315 247
316 67
317 14
318 288
319 259
320 262
321 4
322 177
323 114
324 241
325 255
326 37
327 228
328 133
329 45
330 168
331 253
332 65
333 211
334 263
335 73
336 168
337 330
338 310
339 215
340 154
341 97
342 337
343 196
344 3
345 145
346 178
347 224
348 222
349 53
350 92
351 248
352 124
353 320
354 343
355 192
356 160
357 196
358 83
359 305
360 142
361 264
362 229
363 46
364 252
365 181
366 32
367 360
368 121
369 317
370 72
371 178
372 46
373 256
374 144
375 142
376 301
377 368
378 112
379 190
380 305
381 134
382 38
383 160
384 14
385 20
386 366
387 246
388 11
389 14
390 234
391 247
392 53
393 364
394 225
395 74
396 62
397 243
398 333
399 347
400 229
401 156
402 332
403 249
404 105
405 243
406 303
407 364
408 253
409 116
410 218
411 369
412 95
413 157
414 165
415 19
416 96
417 8
418 40
419 303
420 125
421 268
422 228
423 394
424 356
425 330
426 62
427 123
428 33
429 75
430 155
431 41
432 188
433 414
434 157
435 345
436 109
437 211
438 242
439 371
440 30
441 125
442 400
443 189
444 139
445 128
446 415
447 165
448 346
449 419
450 16
451 73
452 197
453 211
454 187
455 378
456 295
457 58
458 41
459 187
460 91
461 457
462 24
463 205
464 342
465 428
466 50
467 202
468 413
469 419
470 168
471 274
472 340
473 4
474 92
475 457
476 83
477 472
478 111
479 219
480 14
481 398
482 186
483 122
484 125
485 135
486 271
487 484
488 417
489 475
490 315
491 93
492 382
493 482
494 282
495 373
496 416
497 350
498 418
499 226
500 165
501 160
502 272
503 333
504 53
505 137
506 194
507 376
508 374
509 43
510 498
511 3
512 249
513 241
514 213
515 498
516 104
517 231
518 31
519 468
520 343
521 509
522 83
523 197
524 389
525 278
526 19
527 48
528 106
529 139
530 99
531 15
532 397
533 497
534 155
535 409
536 513
537 380
538 132
539 484
540 128
541 141
542 493
543 206
544 188
545 339
546 463
547 343
548 70
549 88
550 515
551 435
552 392
553 249
554 532
555 313
556 255
557 100
558 358
559 130
560 511
561 332
562 267
563 309
564 561
565 367
566 377
567 198
568 536
569 291
570 119
571 566
572 247
573 442
574 137
575 407
576 355
577 188
578 150
579 47
580 266
581 197
582 381
583 562
584 362
585 199
586 153
587 236
588 300
589 312
590 138
591 519
592 443
593 104
594 365
595 175
596 95
597 22
598 230
599 558
600 502
601 105
602 268
603 408
604 103
605 353
606 306
607 218
608 587
609 341
610 6
611 206
612 97
613 495
614 262
615 242
616 495
617 134
618 268
619 475
620 178
621 608
622 419
623 619
624 408
625 424
626 196
627 267
628 397
629 385
630 63
631 365
632 529
633 588
634 277
635 66
636 90
637 134
638 133
639 517
640 431
641 198
642 316
643 457
644 642
645 417
646 59
647 406
648 272
649 103
650 563
651 427
652 375
653 441
654 199
655 479
656 122
657 404
658 212
659 51
660 210
661 17
662 649
663 217
664 635
665 316
666 486
667 598
668 367
669 158
670 351
671 67
672 540
673 278
674 642
675 492
676 27
677 380
678 508
679 44
680 241
681 25
682 12
683 493
684 579
685 578
686 2
687 551
688 676
689 531
690 38
691 140
692 239
693 417
694 552
695 17
696 220
697 331
698 188
699 103
700 641
701 189
702 103
703 17
704 663
705 398
706 475
707 227
708 655
709 540
710 616
711 487
712 578
713 85
714 397
715 465
716 155
717 385
718 402
719 74
720 423
721 317
722 550
723 272
724 712
725 110
726 555
727 307
728 666
729 462
730 408
731 251
732 566
733 262
734 86
735 611
736 321
737 725
738 427
739 490
740 682
741 736
742 611
743 19
744 18
745 179
746 61
747 593
748 520
749 442
750 165
751 174
752 237
753 459
754 325
755 60
756 83
757 751
758 240
759 282
760 74
761 496
762 222
763 213
764 249
765 326
766 537
767 484
768 28
769 660
770 726
771 477
772 452
773 633
774 338
775 415
776 679
777 498
778 523
779 208
780 527
781 154
782 370
783 170
784 72
785 501
786 138
787 769
788 645
789 89
790 449
791 75
792 379
793 598
794 644
795 350
796 580
797 740
798 721
799 786
800 409
801 51
802 308
803 700
804 223
805 114
806 95
807 659
808 45
809 82
810 81
811 78
812 254
813 701
814 557
815 478
816 710
817 802
818 217
819 139
820 502
821 508
822 669
823 742
824 121
825 75
826 396
827 290
828 578
829 381
830 346
831 431
832 475
833 409
834 138
835 747
836 240
837 768
838 222
839 312
840 650
841 548
842 468
843 690
844 193
845 314
846 781
847 608
848 447
849 555
850 714
851 467
852 550
853 15
854 10
855 549
856 24
857 749
858 10
859 832
860 194
861 776
862 733
863 841
864 544
865 750
866 189
867 507
868 4
869 66
870 20
871 492
872 733
873 480
874 382
875 613
876 160
877 474
878 433
879 336
880 559
881 743
882 876
883 549
884 321
885 862
886 737
887 632
888 96
889 596
890 500
891 625
892 351
893 587
894 830
895 146
896 531
897 603
898 406
899 362
900 314
901 353
902 357
903 686
904 147
905 637
906 234
907 382
908 755
909 688
910 323
911 296
912 810
913 159
961 961
2 1
3 1
4 2
5 1
6 5
7 1
8 5
9 2
10 8
11 9
12 8
13 5
14 12
15 14
16 6
17 5
18 1
19 16
20 1
21 6
22 9
23 2
24 11
25 18
26 15
27 17
28 11
29 21
30 16
31 19
32 29
33 2
34 21
35 13
36 17
37 17
38 12
39 36
40 38
41 26
42 11
43 42
44 39
45 6
46 45
47 38
48 14
49 21
50 12
51 10
52 23
53 19
54 44
55 31
56 28
57 7
58 20
59 38
60 33
61 9
62 60
63 8
64 11
65 10
66 10
67 49
68 1
69 10
70 46
71 4
72 9
73 61
74 63
75 22
76 45
77 62
78 13
79 78
80 25
81 48
82 60
83 5
84 58
85 41
86 37
87 29
88 23
89 50
90 61
91 10
92 4
93 27
94 18
95 32
96 5
97 19
98 96
99 78
100 4
101 8
102 58
103 90
104 51
105 50
106 44
107 52
108 67
109 61
110 93
111 86
112 80
113 64
114 107
115 108
116 15
117 29
118 38
119 104
120 17
121 3
122 42
123 61
124 38
125 121
126 117
127 31
128 33
129 4
130 41
131 85
132 20
133 122
134 35
135 119
136 125
137 105
138 51
139 107
140 93
141 24
142 40
143 57
144 59
145 91
146 67
147 4
148 110
149 37
150 144
151 13
152 67
153 97
154 72
155 70
156 54
157 126
158 53
159 94
160 138
161 100
162 150
163 84
164 139
165 42
166 121
167 100
168 62
169 146
170 143
171 26
172 89
173 45
174 160
175 109
176 8
177 155
178 82
179 74
180 50
181 35
182 62
183 172
184 2
185 182
186 11
187 148
188 156
189 150
190 105
191 34
192 156
193 189
194 36
195 117
196 83
197 195
198 19
199 44
200 199
201 189
202 186
203 152
204 119
205 50
206 23
207 161
208 154
209 87
210 24
211 31
212 207
213 157
214 43
215 142
216 77
217 209
218 163
219 94
220 143
221 97
222 114
223 134
224 136
225 182
226 171
227 222
228 53
229 18
230 81
231 208
232 115
233 122
234 102
235 29
236 44
237 126
238 40
239 93
240 71
241 199
242 189
243 112
244 163
245 185
246 242
247 174
248 9
249 179
250 184
251 207
252 13
253 20
254 12
255 113
256 113
257 247
258 3
259 190
260 188
261 45
262 156
263 14
264 237
265 65
266 2
267 180
268 245
269 140
270 181
271 120
272 203
273 195
274 226
275 192
276 104
277 78
278 227
279 9
280 192
281 42
282 86
283 10
284 165
285 269
286 167
287 69
288 74
289 168
290 72
291 166
292 73
293 209
294 270
295 229
296 152
297 258
298 261
299 50
300 208
301 166
302 170
303 35
304 273
305 99
306 267
307 157
308 217
309 252
310 92
311 226
312 32
313 159
314 270
315 78
316 153
317 129
318 17
319 50
320 131
321 241
322 33
323 11
324 225
325 58
326 59
327 192
328 258
329 277
330 311
331 234
332 286
333 119
334 166
335 179
336 287
337 287
338 225
339 222
340 263
341 314
342 223
343 117
344 331
345 138
346 34
347 152
348 143
349 180
350 227
351 178
352 115
353 346
354 112
355 248
356 135
357 281
358 274
359 262
360 226
361 323
362 25
363 167
364 147
365 307
366 279
367 197
368 2
369 207
370 156
371 324
372 155
373 126
374 80
375 281
376 216
377 259
378 281
379 147
380 303
381 119
382 99
383 26
384 372
385 363
386 29
387 81
388 251
389 100
390 9
391 324
392 367
393 322
394 306
395 74
396 264
397 270
398 343
399 228
400 280
401 139
402 89
403 68
404 227
405 391
406 164
407 144
408 356
409 91
410 368
411 401
412 275
413 124
414 121
415 3
416 52
417 364
418 27
419 324
420 160
421 65
422 16
423 381
424 266
425 219
426 92
427 360
428 358
429 308
430 113
431 429
432 176
433 139
434 410
435 301
436 71
437 185
438 154
439 96
440 260
441 136
442 267
443 169
444 98
445 401
446 408
447 300
448 147
449 101
450 352
451 364
452 426
453 114
454 70
455 362
456 394
457 255
458 80
459 218
460 371
461 5
462 416
463 280
464 101
465 119
466 344
467 210
468 336
469 392
470 344
471 238
472 20
473 316
474 466
475 470
476 395
477 464
478 274
479 392
480 214
481 222
482 270
483 117
484 135
485 377
486 26
487 19
488 65
489 60
490 121
491 145
492 112
493 433
494 121
495 12
496 479
497 472
498 116
499 26
500 52
501 316
502 457
503 97
504 58
505 317
506 62
507 499
508 213
509 11
510 260
511 397
512 421
513 224
514 220
515 106
516 474
517 488
518 48
519 473
520 343
521 364
522 159
523 241
524 155
525 324
526 312
527 130
528 494
529 484
530 371
531 396
532 42
533 442
534 77
535 466
536 454
537 149
538 68
539 191
540 137
541 213
542 362
543 5
544 470
545 113
546 447
547 64
548 418
549 49
550 97
551 318
552 84
553 318
554 502
555 331
556 232
557 274
558 294
559 215
560 286
561 484
562 443
563 187
564 186
565 44
566 58
567 440
568 70
569 459
570 432
571 127
572 109
573 426
574 291
575 79
576 318
577 219
578 553
579 30
580 496
581 447
582 142
583 396
584 167
585 17
586 560
587 542
588 566
589 232
590 527
591 372
592 368
593 529
594 225
595 551
596 163
597 543
598 269
599 389
600 441
601 223
602 414
603 24
604 107
605 233
606 406
607 561
608 487
609 196
610 567
611 107
612 330
613 82
614 353
615 548
616 288
617 15
618 611
619 537
620 1
621 20
622 96
623 346
624 177
625 577
626 295
627 213
628 400
629 532
630 272
631 67
632 283
633 88
634 399
635 288
636 329
637 272
638 374
639 48
640 591
641 598
642 82
643 414
644 86
645 398
646 9
647 53
648 348
649 463
650 533
651 433
652 343
653 423
654 314
655 480
656 372
657 126
658 255
659 396
660 377
661 89
662 281
663 159
664 431
665 320
666 318
667 320
668 104
669 558
670 392
671 319
672 490
673 375
674 21
675 130
676 195
677 255
678 197
679 151
680 525
681 273
682 396
683 275
684 679
685 274
686 461
687 342
688 500
689 223
690 290
691 263
692 424
693 312
694 503
695 351
696 449
697 270
698 374
699 419
700 440
701 27
702 22
703 575
704 306
705 465
706 46
707 421
708 613
709 561
710 211
711 514
712 175
713 397
714 203
715 146
716 411
717 47
718 574
719 583
720 317
721 588
722 292
723 95
724 294
725 499
726 482
727 144
728 82
729 186
730 97
731 30
732 711
733 215
734 111
735 189
736 328
737 715
738 722
739 592
740 125
741 216
742 401
743 73
744 426
745 427
746 149
747 314
748 485
749 540
750 498
751 312
752 356
753 348
754 15
755 211
756 317
757 640
758 211
759 181
760 364
761 260
762 575
763 630
764 598
765 331
766 695
767 544
768 609
769 461
770 735
771 626
772 117
773 332
774 716
775 726
776 145
777 371
778 343
779 114
780 20
781 384
782 347
783 512
784 447
785 553
786 524
787 548
788 675
789 110
790 183
791 563
792 595
793 125
794 597
795 452
796 611
797 601
798 143
799 617
800 4
801 127
802 207
803 510
804 792
805 45
806 780
807 196
808 76
809 709
810 88
811 58
812 771
813 235
814 281
815 726
816 468
817 458
818 189
819 408
820 817
821 16
822 729
823 335
824 308
825 43
826 823
827 769
828 380
829 402
830 100
831 400
832 263
833 457
834 5
835 287
836 697
837 836
838 762
839 405
840 257
841 658
842 380
843 422
844 591
845 772
846 124
847 85
848 248
849 759
850 404
851 550
852 171
853 468
854 619
855 591
856 201
857 807
858 843
859 163
860 817
861 94
862 649
863 802
864 237
865 275
866 488
867 860
868 389
869 311
870 319
871 353
872 170
873 160
874 27
875 229
876 210
877 693
878 539
879 404
880 582
881 216
882 103
883 391
884 154
885 477
886 713
887 492
888 208
889 289
890 46
891 131
892 359
893 342
894 587
895 168
896 303
897 69
898 295
899 872
900 419
901 303
902 143
903 164
904 789
905 304
906 458
907 726
908 455
909 837
910 54
911 318
912 135
913 597
914 751
915 800
916 302
917 663
918 659
919 647
920 520
921 138
922 27
923 765
924 744
925 696
926 386
927 265
928 234
929 679
930 869
931 631
932 115
933 305
934 43
935 608
936 94
937 427
938 782
939 402
940 745
941 504
942 905
943 800
944 697
945 247
946 210
947 356
948 458
949 594
950 24
951 683
952 548
953 736
954 498
955 160
956 92
957 294
958 431
959 318
960 472
961 577
946 943
2 1
3 1
4 2
5 4
6 5
7 3
8 1
9 8
10 6
11 4
12 7
13 10
14 1
15 10
16 11
17 2
18 16
19 16
20 10
21 4
22 6
23 11
24 1
25 10
26 23
27 4
28 15
29 4
30 10
31 8
32 18
33 15
34 30
35 27
36 9
37 29
38 11
39 26
40 36
41 4
42 9
43 41
44 15
45 21
46 32
47 31
48 40
49 15
50 9
51 13
52 2
53 4
54 31
55 45
56 40
57 10
58 25
59 18
60 35
61 30
62 25
63 20
64 18
65 53
66 57
67 4
68 22
69 8
70 26
71 6
72 13
73 59
74 69
75 22
76 10
77 52
78 21
79 1
80 36
81 40
82 12
83 63
84 49
85 77
86 45
87 66
88 17
89 17
90 23
91 57
92 76
93 55
94 31
95 60
96 81
97 44
98 7
99 25
100 91
101 69
102 22
103 65
104 85
105 84
106 78
107 39
108 45
109 106
110 15
111 16
112 93
113 70
114 24
115 107
116 92
117 63
118 74
119 105
120 113
121 31
122 15
123 81
124 7
125 28
126 53
127 109
128 56
129 124
130 102
131 50
132 18
133 79
134 55
135 110
136 108
137 79
138 107
139 41
140 3
141 128
142 102
143 132
144 89
145 97
146 71
147 3
148 45
149 7
150 67
151 54
152 1
153 131
154 52
155 43
156 50
157 77
158 150
159 131
160 1
161 43
162 10
163 78
164 133
165 67
166 86
167 7
168 104
169 70
170 51
171 75
172 161
173 149
174 62
175 5
176 140
177 144
178 122
179 126
180 95
181 64
182 165
183 80
184 40
185 85
186 54
187 171
188 6
189 17
190 30
191 28
192 176
193 132
194 156
195 47
196 71
197 44
198 1
199 98
200 104
201 6
202 17
203 119
204 203
205 106
206 82
207 157
208 137
209 108
210 24
211 27
212 17
213 200
214 88
215 89
216 182
217 206
218 47
219 192
220 126
221 93
222 73
223 75
224 45
225 205
226 131
227 23
228 51
229 91
230 47
231 54
232 149
233 2
234 64
235 82
236 62
237 3
238 200
239 12
240 134
241 12
242 165
243 132
244 133
245 104
246 87
247 52
248 212
249 214
250 29
251 24
252 39
253 76
254 220
255 201
256 143
257 78
258 137
259 250
260 59
261 128
262 234
263 111
264 250
265 112
266 207
267 197
268 88
269 7
270 236
271 18
272 247
273 41
274 100
275 41
276 13
277 110
278 208
279 25
280 235
281 100
282 161
283 125
284 51
285 83
286 120
287 154
288 218
289 209
290 47
291 230
292 126
293 206
294 43
295 67
296 24
297 272
298 99
299 163
300 207
301 202
302 81
303 26
304 302
305 58
306 282
307 263
308 266
309 286
310 159
311 78
312 219
313 209
314 68
315 166
316 10
317 214
318 69
319 95
320 241
321 283
322 314
323 233
324 53
325 145
326 162
327 66
328 157
329 235
330 89
331 253
332 205
333 222
334 48
335 152
336 21
337 248
338 98
339 235
340 190
341 288
342 112
343 86
344 8
345 196
346 304
347 191
348 300
349 76
350 264
351 274
352 338
353 118
354 44
355 288
356 145
357 274
358 125
359 143
360 86
361 9
362 100
363 107
364 40
365 248
366 243
367 132
368 58
369 267
370 156
371 145
372 82
373 303
374 116
375 297
376 31
377 326
378 244
379 203
380 324
381 265
382 335
383 335
384 310
385 298
386 46
387 239
388 300
389 293
390 290
391 60
392 210
393 217
394 222
395 236
396 105
397 19
398 19
399 356
400 212
401 218
402 235
403 386
404 202
405 191
406 277
407 208
408 402
409 383
410 43
411 254
412 37
413 314
414 400
415 398
416 108
417 31
418 395
419 211
420 81
421 365
422 335
423 109
424 309
425 372
426 263
427 160
428 375
429 281
430 113
431 204
432 129
433 350
434 403
435 56
436 415
437 137
438 395
439 219
440 235
441 422
442 23
443 135
444 366
445 71
446 2
447 263
448 63
449 316
450 281
451 219
452 287
453 59
454 38
455 235
456 305
457 329
458 172
459 169
460 56
461 90
462 243
463 354
464 375
465 430
466 460
467 167
468 294
469 77
470 153
471 345
472 97
473 339
474 124
475 412
476 240
477 215
478 391
479 204
480 218
481 297
482 54
483 145
484 351
485 51
486 82
487 426
488 379
489 105
490 280
491 467
492 335
493 143
494 130
495 346
496 495
497 275
498 414
499 131
500 100
501 38
502 170
503 476
504 5
505 408
506 375
507 289
508 100
509 451
510 313
511 281
512 441
513 271
514 112
515 81
516 143
517 279
518 409
519 34
520 42
521 108
522 155
523 424
524 421
525 304
526 110
527 235
528 495
529 452
530 90
531 216
532 515
533 141
534 102
535 244
536 12
537 474
538 535
539 524
540 172
541 286
542 165
543 377
544 316
545 22
546 217
547 85
548 266
549 78
550 366
551 501
552 62
553 545
554 204
555 264
556 510
557 260
558 159
559 305
560 280
561 90
562 338
563 188
564 441
565 189
566 67
567 17
568 514
569 180
570 247
571 83
572 56
573 201
574 339
575 516
576 406
577 37
578 416
579 383
580 12
581 118
582 104
583 289
584 383
585 176
586 108
587 349
588 187
589 372
590 205
591 507
592 135
593 444
594 241
595 541
596 545
597 367
598 472
599 115
600 546
601 508
602 504
603 337
604 337
605 112
606 526
607 116
608 382
609 357
610 218
611 310
612 372
613 416
614 236
615 111
616 252
617 58
618 416
619 109
620 8
621 271
622 170
623 240
624 527
625 307
626 508
627 437
628 21
629 482
630 169
631 109
632 484
633 418
634 359
635 460
636 175
637 78
638 262
639 123
640 306
641 637
642 81
643 252
644 134
645 335
646 256
647 596
648 24
649 415
650 626
651 279
652 400
653 62
654 286
655 440
656 468
657 311
658 184
659 463
660 484
661 283
662 192
663 46
664 514
665 487
666 327
667 7
668 470
669 551
670 506
671 589
672 98
673 214
674 205
675 224
676 15
677 136
678 67
679 352
680 6
681 454
682 380
683 429
684 225
685 56
686 88
687 657
688 23
689 47
690 93
691 685
692 456
693 438
694 301
695 136
696 500
697 234
698 630
699 260
700 258
701 241
702 400
703 44
704 566
705 407
706 559
707 82
708 481
709 266
710 186
711 86
712 204
713 40
714 387
715 657
716 125
717 550
718 472
719 355
720 594
721 436
722 292
723 289
724 75
725 290
726 32
727 532
728 363
729 461
730 42
731 72
732 40
733 573
734 566
735 392
736 356
737 137
738 350
739 145
740 253
741 462
742 705
743 16
744 644
745 69
746 484
747 91
748 383
749 540
750 316
751 320
752 650
753 157
754 270
755 309
756 627
757 55
758 348
759 618
760 749
761 509
762 42
763 681
764 216
765 738
766 306
767 398
768 469
769 500
770 555
771 53
772 413
773 627
774 581
775 124
776 756
777 148
778 156
779 671
780 623
781 213
782 762
783 93
784 717
785 723
786 27
787 129
788 188
789 163
790 570
791 14
792 448
793 260
794 537
795 58
796 500
797 618
798 163
799 165
800 253
801 223
802 724
803 104
804 50
805 534
806 183
807 500
808 728
809 93
810 196
811 519
812 444
813 765
814 346
815 372
816 534
817 477
818 40
819 777
820 618
821 71
822 44
823 504
824 172
825 818
826 239
827 497
828 815
829 437
830 730
831 705
832 633
833 595
834 777
835 17
836 415
837 811
838 101
839 26
840 126
841 537
842 638
843 407
844 33
845 190
846 17
847 657
848 519
849 820
850 306
851 379
852 823
853 418
854 704
855 504
856 122
857 239
858 137
859 31
860 70
861 540
862 5
863 531
864 85
865 151
866 699
867 556
868 419
869 213
870 561
871 242
872 793
873 640
874 811
875 476
876 759
877 425
878 470
879 324
880 688
881 176
882 91
883 312
884 521
885 202
886 68
887 599
888 148
889 610
890 755
891 180
892 663
893 843
894 696
895 315
896 588
897 884
898 68
899 526
900 395
901 145
902 546
903 801
904 437
905 305
906 30
907 807
908 904
909 337
910 815
911 611
912 506
913 232
914 700
915 164
916 64
917 199
918 762
919 421
920 475
921 147
922 915
923 639
924 444
925 865
926 558
927 825
928 426
929 465
930 778
931 584
932 91
933 194
934 266
935 641
936 396
937 317
938 279
939 728
940 76
941 244
942 230
943 922
944 833
945 789
946 515
918 915
2 1
3 2
4 1
5 4
6 5
7 5
8 3
9 8
10 6
11 3
12 9
13 6
14 4
15 7
16 2
17 3
18 6
19 3
20 7
21 1
22 13
23 21
24 3
25 8
26 13
27 17
28 27
29 15
30 3
31 18
32 28
33 30
34 20
35 31
36 29
37 3
38 4
39 26
40 25
41 21
42 3
43 4
44 39
45 36
46 40
47 8
48 14
49 35
50 48
51 27
52 48
53 22
54 15
55 2
56 28
57 8
58 10
59 58
60 41
61 12
62 50
63 3
64 7
65 26
66 5
67 39
68 39
69 48
70 9
71 61
72 12
73 9
74 67
75 22
76 34
77 46
78 8
79 33
80 30
81 76
82 48
83 3
84 71
85 53
86 19
87 39
88 48
89 34
90 16
91 45
92 79
93 64
94 60
95 33
96 85
97 34
98 68
99 44
100 47
101 59
102 40
103 52
104 96
105 20
106 52
107 95
108 31
109 104
110 70
111 105
112 38
113 101
114 21
115 41
116 10
117 54
118 100
119 109
120 9
121 63
122 44
123 52
124 20
125 17
126 25
127 25
128 106
129 95
130 126
131 34
132 51
133 116
134 128
135 26
136 123
137 117
138 124
139 106
140 6
141 45
142 67
143 1
144 108
145 24
146 96
147 121
148 133
149 69
150 80
151 126
152 7
153 55
154 55
155 69
156 123
157 49
158 87
159 83
160 47
161 121
162 157
163 36
164 67
165 6
166 48
167 52
168 146
169 166
170 78
171 46
172 20
173 162
174 8
175 133
176 23
177 91
178 30
179 121
180 55
181 73
182 15
183 31
184 131
185 34
186 66
187 96
188 78
189 69
190 19
191 9
192 81
193 152
194 172
195 152
196 57
197 106
198 6
199 88
200 106
201 37
202 48
203 169
204 159
205 91
206 10
207 204
208 178
209 183
210 195
211 169
212 108
213 95
214 46
215 116
216 109
217 96
218 100
219 11
220 106
221 161
222 172
223 96
224 140
225 3
226 134
227 70
228 22
229 17
230 151
231 7
232 220
233 219
234 199
235 148
236 101
237 88
238 216
239 83
240 195
241 196
242 152
243 110
244 125
245 199
246 166
247 146
248 68
249 72
250 39
251 78
252 98
253 13
254 245
255 137
256 65
257 131
258 22
259 190
260 14
261 253
262 90
263 245
264 28
265 232
266 173
267 174
268 8
269 65
270 199
271 222
272 187
273 266
274 215
275 33
276 10
277 121
278 158
279 250
280 114
281 99
282 53
283 23
284 252
285 189
286 126
287 268
288 257
289 129
290 171
291 259
292 81
293 202
294 186
295 209
296 270
297 235
298 24
299 261
300 196
301 281
302 122
303 263
304 138
305 192
306 143
307 139
308 12
309 85
310 273
311 264
312 176
313 137
314 257
315 216
316 253
317 4
318 20
319 112
320 248
321 35
322 242
323 308
324 224
325 210
326 172
327 56
328 246
329 278
330 119
331 228
332 58
333 134
334 12
335 115
336 330
337 272
338 11
339 86
340 74
341 75
342 210
343 319
344 91
345 106
346 224
347 150
348 172
349 51
350 52
351 244
352 119
353 81
354 223
355 344
356 107
357 299
358 246
359 358
360 270
361 15
362 224
363 308
364 189
365 98
366 307
367 89
368 223
369 16
370 174
371 188
372 186
373 350
374 343
375 40
376 359
377 174
378 207
379 18
380 69
381 34
382 344
383 48
384 184
385 373
386 337
387 1
388 10
389 327
390 23
391 150
392 364
393 359
394 87
395 175
396 78
397 378
398 76
399 210
400 190
401 169
402 268
403 264
404 87
405 207
406 403
407 355
408 280
409 340
410 169
411 103
412 312
413 141
414 97
415 269
416 270
417 373
418 403
419 137
420 266
421 324
422 383
423 92
424 241
425 254
426 96
427 47
428 180
429 286
430 301
431 224
432 65
433 147
434 70
435 227
436 301
437 146
438 308
439 405
440 122
441 397
442 125
443 217
444 129
445 84
446 221
447 238
448 293
449 378
450 269
451 137
452 290
453 163
454 160
455 297
456 312
457 379
458 252
459 305
460 116
461 357
462 255
463 409
464 214
465 197
466 351
467 208
468 219
469 151
470 44
471 451
472 39
473 41
474 381
475 211
476 172
477 302
478 60
479 129
480 109
481 428
482 65
483 448
484 290
485 211
486 271
487 180
488 153
489 64
490 443
491 122
492 244
493 5
494 250
495 155
496 341
497 57
498 291
499 237
500 104
501 445
502 29
503 45
504 265
505 112
506 126
507 181
508 117
509 81
510 420
511 478
512 464
513 51
514 338
515 377
516 131
517 38
518 234
519 40
520 111
521 155
522 288
523 351
524 303
525 252
526 73
527 195
528 130
529 37
530 178
531 324
532 184
533 406
534 511
535 369
536 136
537 178
538 75
539 376
540 148
541 95
542 465
543 266
544 73
545 215
546 400
547 96
548 445
549 530
550 188
551 29
552 417
553 189
554 526
555 315
556 262
557 51
558 80
559 543
560 123
561 82
562 400
563 15
564 101
565 12
566 28
567 124
568 189
569 166
570 180
571 107
572 476
573 413
574 419
575 126
576 333
577 95
578 79
579 297
580 326
581 412
582 332
583 509
584 191
585 22
586 63
587 24
588 582
589 466
590 324
591 115
592 364
593 376
594 465
595 432
596 574
597 568
598 222
599 129
600 154
601 182
602 386
603 600
604 261
605 94
606 8
607 555
608 42
609 437
610 440
611 66
612 361
613 396
614 248
615 142
616 20
617 54
618 351
619 98
620 356
621 460
622 49
623 323
624 548
625 463
626 556
627 479
628 593
629 226
630 64
631 117
632 623
633 512
634 286
635 98
636 402
637 580
638 465
639 96
640 268
641 63
642 391
643 467
644 212
645 634
646 644
647 574
648 286
649 132
650 308
651 388
652 184
653 323
654 8
655 142
656 318
657 222
658 8
659 438
660 135
661 285
662 253
663 209
664 626
665 165
666 92
667 435
668 585
669 561
670 141
671 233
672 645
673 6
674 466
675 268
676 311
677 149
678 432
679 359
680 321
681 162
682 188
683 119
684 304
685 369
686 537
687 158
688 113
689 142
690 382
691 529
692 46
693 219
694 478
695 13
696 518
697 196
698 471
699 400
700 133
701 382
702 102
703 614
704 25
705 273
706 267
707 308
708 621
709 703
710 330
711 120
712 636
713 78
714 324
715 447
716 686
717 199
718 609
719 325
720 617
721 327
722 581
723 496
724 459
725 598
726 644
727 469
728 727
729 503
730 368
731 408
732 653
733 371
734 38
735 110
736 286
737 202
738 271
739 642
740 279
741 394
742 269
743 162
744 629
745 385
746 508
747 99
748 56
749 145
750 97
751 737
752 198
753 641
754 580
755 622
756 330
757 491
758 396
759 176
760 587
761 468
762 343
763 285
764 42
765 748
766 93
767 580
768 105
769 535
770 319
771 591
772 71
773 299
774 377
775 430
776 140
777 211
778 587
779 260
780 369
781 298
782 642
783 79
784 524
785 420
786 226
787 740
788 286
789 114
790 164
791 711
792 656
793 677
794 81
795 514
796 113
797 529
798 196
799 2
800 290
801 769
802 433
803 321
804 500
805 130
806 592
807 766
808 44
809 323
810 773
811 182
812 221
813 548
814 90
815 644
816 56
817 632
818 304
819 371
820 632
821 327
822 643
823 212
824 392
825 24
826 298
827 128
828 297
829 257
830 720
831 569
832 415
833 80
834 658
835 135
836 359
837 606
838 182
839 314
840 392
841 643
842 271
843 478
844 396
845 761
846 618
847 607
848 193
849 20
850 263
851 193
852 97
853 529
854 218
855 318
856 574
857 285
858 246
859 457
860 729
861 57
862 95
863 88
864 195
865 748
866 308
867 243
868 634
869 81
870 641
871 205
872 372
873 473
874 43
875 473
876 351
877 542
878 59
879 600
880 132
881 257
882 515
883 473
884 249
885 422
886 68
887 708
888 581
889 502
890 690
891 587
892 403
893 589
894 781
895 63
896 451
897 572
898 815
899 792
900 694
901 281
902 747
903 348
904 647
905 222
906 336
907 693
908 189
909 7
910 392
911 147
912 677
913 727
914 584
915 469
916 258
917 664
918 53
