85
3
0.139 0.078 0.477
3 3 2 1
3 3 2 1
3 3 2 1
4
0.511 0.680 0.298 0.927
1 4
1 4
2 3 1
1 1
9
0.024 0.398 0.085 0.226 0.830 0.894 0.153 0.307 0.710
9 8 2 9 1 7 6 5 4 3
4 7 2 9 5
9 4 3 5 6 9 7 8 2 1
1 5
4 8 1 4 6
8 7 2 8 5 6 9 1 3
3 5 6 7
1 8
7 2 1 3 4 5 9 8
9
0.715 0.865 0.050 0.479 0.885 0.562 0.155 0.204 0.656
3 8 9 3
8 5 4 2 8 9 3 1 7
6 4 1 8 6 9 7
3 8 7 1
6 7 1 4 6 3 9
7 7 2 5 3 8 4 6
3 9 4 8
7 1 2 3 4 7 9 6
9 3 4 9 6 7 5 1 8 2
3
0.238 0.401 0.139
3 3 1 2
2 2 3
2 3 1
6
0.428 0.322 0.764 0.934 0.558 0.282
4 1 3 6 2
4 6 1 2 3
4 6 4 3 5
2 2 6
1 4
1 6
9
0.361 0.495 0.634 0.862 0.460 0.303 0.068 0.812 0.408
2 9 5
2 3 9
7 1 5 8 3 9 6 4
1 6
9 1 7 6 3 5 9 4 2 8
8 1 7 3 8 4 9 5 2
3 8 5 6
6 3 9 1 5 4 7
4 8 7 5 4
8
0.921 0.060 0.097 0.874 0.034 0.070 0.988 0.046
7 6 7 3 1 5 2 8
2 7 3
5 8 6 1 7 5
5 2 1 8 7 5
7 8 5 3 4 7 6 2
2 7 2
8 7 3 8 2 1 5 4 6
7 4 8 1 5 2 3 7
3
0.049 0.703 0.509
2 3 2
2 1 3
1 2
2
0.056 0.374
1 2
2 1 2
4
0.186 0.989 0.495 0.871
4 3 2 1 4
4 2 3 1 4
1 1
2 4 3
1
0.248
1 1
4
0.266 0.437 0.664 0.105
2 4 3
1 3
3 2 1 4
4 2 4 3 1
5
0.521 0.518 0.057 0.570 0.935
4 5 1 4 3
3 5 4 1
5 4 2 3 5 1
1 4
2 2 4
1
1.000
1 1
7
0.902 0.567 0.246 0.860 0.913 0.228 0.212
2 4 6
7 5 3 7 1 4 6 2
1 4
7 2 3 7 1 5 4 6
6 6 1 5 4 7 2
5 7 4 5 1 6
7 5 7 3 1 4 2 6
6
0.661 0.083 0.284 0.938 0.784 0.854
6 6 5 4 2 3 1
1 5
1 3
2 5 1
2 2 4
5 1 4 2 5 6
10
0.918 0.624 0.109 0.510 0.524 0.708 0.246 0.845 0.558 0.192
2 10 2
9 2 6 7 1 5 8 10 4 9
7 4 6 3 9 2 8 10
7 1 10 5 8 7 3 6
2 2 4
4 9 5 2 3
5 10 9 1 4 2
8 4 7 8 5 3 10 2 6
5 3 10 1 5 2
7 9 5 10 1 3 6 2
3
0.660 0.244 0.915
2 1 3
1 2
3 3 1 2
3
0.403 0.900 0.258
1 2
3 3 1 2
3 2 3 1
7
0.242 0.234 0.477 0.459 0.728 0.997 0.822
2 4 7
7 7 1 4 6 5 2 3
4 4 5 2 6
3 5 2 7
7 3 7 1 5 2 6 4
1 6
3 3 6 7
6
0.260 0.131 0.130 0.003 0.371 0.059
6 1 2 4 3 5 6
1 2
3 5 2 3
1 2
6 3 2 6 4 5 1
6 1 2 5 6 3 4
5
0.506 0.291 0.470 0.776 0.325
2 3 1
5 4 1 3 5 2
1 1
2 1 3
4 2 4 1 5
5
0.701 0.344 0.076 0.955 0.448
4 1 2 3 4
5 4 2 1 5 3
3 1 3 4
2 5 1
3 5 2 3
6
0.599 0.365 0.236 0.830 0.285 0.868
6 4 5 1 3 2 6
5 4 2 5 1 6
4 1 6 2 3
2 4 5
4 4 3 2 5
2 1 4
8
0.721 0.741 0.414 0.532 0.074 0.925 0.211 0.245
7 8 3 6 7 4 1 2
2 5 4
1 6
6 6 8 5 3 2 1
1 7
6 8 1 7 5 3 6
6 1 2 3 4 7 8
1 6
2
0.536 0.719
1 2
2 2 1
1
0.095
1 1
6
0.501 0.963 0.107 0.479 0.683 0.009
5 1 4 5 3 2
6 5 1 2 6 4 3
3 5 3 1
2 3 6
6 3 2 5 4 1 6
3 6 2 5
1
0.811
1 1
4
0.855 0.268 0.087 0.161
1 3
1 2
1 3
2 2 3
5
0.854 0.986 0.939 0.668 0.826
4 1 3 2 4
5 5 4 3 2 1
2 4 5
5 5 1 2 4 3
1 2
6
0.396 0.667 0.677 0.407 0.365 0.999
6 3 5 4 6 1 2
2 5 1
1 1
4 1 2 4 3
5 6 3 5 2 4
5 1 5 4 2 3
2
0.605 0.127
1 1
2 2 1
5
0.684 0.631 0.077 0.328 0.528
3 2 1 5
3 4 5 1
4 5 3 4 2
2 5 4
5 3 2 5 1 4
8
0.243 0.485 0.741 0.049 0.984 0.719 0.628 0.662
8 1 2 8 6 3 7 4 5
1 5
4 2 5 8 6
5 2 7 3 6 4
8 2 5 1 3 8 6 7 4
1 1
7 6 4 7 5 2 1 3
1 2
8
0.245 0.722 0.130 0.938 0.537 0.535 0.807 0.561
1 4
4 5 6 4 2
5 4 2 8 3 1
3 4 7 3
7 6 1 2 4 5 7 3
3 1 8 7
4 4 8 6 3
4 1 7 2 8
10
0.253 0.961 0.970 0.316 0.325 0.881 0.439 0.773 0.476 0.142
10 3 1 4 2 9 8 6 7 5 10
9 3 4 1 5 10 2 7 8 9
7 6 7 3 8 5 2 10
1 4
9 10 1 4 7 8 6 9 5 3
9 9 6 4 3 2 7 5 8 1
7 9 1 2 3 10 5 7
3 6 1 9
9 4 5 9 2 6 10 3 1 8
8 4 6 10 8 1 9 2 5
3
0.984 0.790 0.759
2 3 2
2 2 1
3 3 2 1
2
0.436 0.193
1 1
1 1
8
0.044 0.299 0.698 0.284 0.515 0.462 0.419 0.450
2 8 3
3 8 1 5
2 5 3
6 3 4 2 1 5 8
7 5 3 6 2 8 1 7
2 3 6
7 2 7 8 6 5 4 1
3 5 1 2
8
0.919 0.189 0.720 0.751 0.849 0.625 0.375 0.788
1 4
6 8 2 7 6 5 3
3 5 6 1
2 5 1
8 3 2 6 5 1 4 7 8
7 5 8 1 6 4 3 2
5 4 5 2 6 3
2 7 8
5
0.326 0.752 0.284 0.944 0.354
5 1 2 3 4 5
1 3
5 3 2 5 1 4
4 4 2 5 3
2 2 3
13
0.519 0.883 0.495 0.744 0.150 0.477 0.100 0.616 0.253 0.304 0.542 0.527 0.181
1 3
3 13 12 2
10 10 6 12 1 7 2 3 9 11 13
5 7 13 4 8 9
1 6
5 10 1 9 6 8
10 6 12 9 5 1 4 8 13 2 7
13 5 9 7 13 10 2 6 8 4 3 11 1 12
1 1
2 6 4
7 3 8 10 5 4 12 13
11 12 10 4 2 1 3 5 9 7 8 11
1 5
12
0.188 0.337 0.267 0.103 0.092 0.639 0.261 0.655 0.168 0.816 0.665 0.062
9 7 12 11 5 1 10 4 3 9
4 12 10 7 5
9 11 3 8 10 6 7 12 4 5
9 11 2 9 12 3 10 7 4 6
4 11 8 9 4
6 5 2 7 1 10 9
3 9 6 12
3 9 3 7
2 12 5
4 12 7 5 9
9 11 12 10 6 4 8 5 3 7
12 8 1 12 7 6 9 3 5 4 10 2 11
10
0.492 0.329 0.534 0.554 0.857 0.447 0.236 0.641 0.095 0.087
3 9 4 6
4 7 4 1 8
9 10 8 9 3 1 7 6 2 4
9 1 8 9 10 7 3 2 4 5
5 3 10 4 7 6
2 7 8
1 5
3 6 7 8
5 10 5 7 4 3
5 10 3 6 1 4
2
0.560 0.944
1 1
2 1 2
15
0.056 0.767 0.379 0.281 0.982 0.618 0.696 0.679 0.634 0.013 0.487 0.744 0.228 0.581 0.735
5 13 3 12 9 10
14 5 11 13 9 7 2 15 14 4 6 8 3 12 10
4 15 2 12 13
7 3 7 2 11 5 10 9
2 6 13
4 15 11 6 8
15 2 9 13 8 3 12 6 10 15 14 4 7 1 5 11
11 4 9 8 14 1 6 15 10 11 2 3
4 2 7 8 12
13 14 10 5 1 15 3 9 4 8 11 6 13 7
2 9 12
9 4 8 7 10 9 3 2 11 5
11 4 1 14 7 8 10 12 3 13 6 11
13 6 13 15 4 7 1 14 9 3 2 10 12 11
13 3 15 8 7 11 5 12 14 1 6 2 13 4
12
0.886 0.525 0.345 0.018 0.471 0.001 0.450 0.798 0.701 0.600 0.509 0.980
7 10 12 4 9 7 8 11
4 8 11 4 5
11 4 1 12 11 10 9 6 8 3 7 5
2 5 3
4 2 4 1 12
6 4 12 8 10 1 6
9 11 5 6 12 8 10 4 2 3
7 9 5 3 1 2 6 8
1 12
12 10 3 9 5 7 4 8 1 12 11 6 2
9 2 6 11 5 9 7 4 10 1
6 9 3 11 5 2 12
3
0.533 0.126 0.689
1 3
3 2 3 1
1 3
11
0.407 0.341 0.994 0.994 0.288 0.316 0.356 0.721 0.681 0.105 0.812
6 9 4 2 10 1 11
4 3 10 9 1
7 4 8 7 6 10 3 2
4 4 2 6 8
3 8 3 10
1 6
9 4 2 8 9 7 1 11 6 10
9 11 2 3 4 1 9 7 10 8
5 11 2 1 5 8
10 9 5 10 1 8 3 7 2 6 11
3 11 7 8
9
0.123 0.198 0.691 0.102 0.831 0.012 0.458 0.773 0.623
5 1 6 2 3 9
6 5 6 2 1 4 3
1 1
9 6 4 7 8 5 3 9 1 2
5 2 1 3 4 6
5 6 4 7 3 8
6 2 5 4 9 8 3
1 7
7 6 5 3 2 9 7 8
2
0.249 0.845
1 1
2 2 1
12
0.830 0.966 0.171 0.651 0.557 0.899 0.574 0.352 0.639 0.200 0.092 0.788
4 9 4 3 1
5 3 10 5 6 12
8 6 4 9 10 5 1 8 3
2 5 6
4 4 2 11 6
1 6
12 6 1 5 8 12 10 3 2 7 4 9 11
2 7 1
7 2 5 10 7 4 1 9
5 4 9 6 7 2
3 12 2 1
11 6 2 11 8 10 5 1 4 3 12 9
15
0.640 0.475 0.502 0.772 0.423 0.085 0.052 0.877 0.442 0.901 0.625 0.438 0.639 0.424 0.767
5 14 3 7 9 11
10 1 5 4 2 8 6 15 3 14 13
9 3 4 7 15 8 6 10 14 9
15 8 12 15 11 9 5 2 3 10 1 4 13 7 14 6
8 10 3 14 5 6 15 11 9
14 2 10 15 11 4 8 12 9 13 14 7 1 6 5
14 1 13 3 11 7 5 9 4 15 14 12 8 2 10
1 5
11 5 10 4 1 13 15 8 11 6 14 2
13 13 1 7 4 11 8 5 9 10 2 6 12 3
3 13 15 1
10 2 12 6 11 10 13 8 7 14 3
3 2 1 5
14 12 2 8 5 6 14 10 15 13 1 3 11 9 7
8 3 2 8 13 5 15 7 9
14
0.930 0.676 0.599 0.558 0.863 0.679 0.348 0.742 0.498 0.459 0.158 0.269 0.287 0.111
3 6 1 7
13 6 8 1 10 12 5 9 7 3 13 11 14 2
4 10 12 4 7
4 1 14 7 2
2 12 10
14 4 13 10 14 2 9 8 3 6 12 11 7 1 5
14 3 6 5 12 1 11 4 14 2 8 7 13 9 10
13 6 11 8 7 3 12 1 2 14 13 5 10 9
11 8 1 4 9 14 3 6 2 12 7 5
10 7 12 14 9 2 13 3 4 5 11
8 2 9 3 8 13 10 14 4
14 11 3 9 8 1 5 6 7 4 2 13 10 12 14
14 8 4 11 3 7 13 12 1 6 5 10 9 14 2
12 8 2 3 9 5 1 12 13 11 4 14 6
4
0.614 0.677 0.391 0.073
1 2
1 4
1 1
3 2 3 1
12
0.403 0.361 0.856 0.469 0.360 0.991 0.612 0.669 0.212 0.640 0.724 0.908
7 11 12 4 3 1 10 5
5 3 5 2 6 11
3 7 5 11
8 9 7 6 12 3 8 11 2
10 10 4 2 11 7 6 1 8 9 12
8 12 2 6 1 3 5 4 10
1 12
12 4 12 3 9 1 6 5 10 7 11 2 8
3 7 4 8
2 6 10
5 11 12 3 4 6
8 11 1 4 8 6 9 10 5
5
0.731 0.120 0.275 0.729 0.309
5 1 2 5 3 4
4 4 2 3 1
3 2 4 3
3 2 5 1
5 3 1 4 5 2
4
0.292 0.005 0.688 0.119
2 2 4
2 4 2
2 1 3
2 3 1
3
0.670 0.938 0.321
1 1
1 3
1 3
5
0.847 0.422 0.458 0.948 0.442
5 5 4 3 2 1
3 2 4 1
1 5
5 4 3 1 5 2
2 2 4
13
0.166 0.887 0.134 0.269 0.756 0.836 0.329 0.173 0.493 0.979 0.194 0.205 0.391
5 1 13 10 11 9
7 12 3 13 8 7 1 10
7 3 4 11 10 1 6 8
5 10 5 4 8 6
13 6 12 8 10 5 1 2 3 9 7 13 4 11
11 4 11 6 3 8 9 7 12 1 2 5
4 1 8 2 9
6 8 9 2 1 3 10
2 2 9
7 9 3 10 2 6 8 11
11 1 2 5 3 12 10 13 4 11 9 7
1 12
4 7 6 11 9
13
0.896 0.731 0.826 0.224 0.480 0.955 0.641 0.488 0.892 0.152 0.729 0.381 0.401
2 5 9
1 13
8 2 7 13 8 1 3 9 10
2 4 2
8 6 12 11 9 3 7 5 1
1 12
11 2 4 1 11 10 13 9 3 8 5 7
5 11 10 6 4 2
6 12 5 6 9 4 7
6 13 12 9 1 8 11
2 12 13
5 13 3 8 10 6
10 6 10 11 1 12 7 13 3 9 8
11
0.639 0.370 0.338 0.946 0.749 0.109 0.935 0.208 0.015 0.300 0.492
7 6 5 3 2 7 4 1
9 8 6 9 5 4 11 7 2 1
11 1 10 5 4 9 7 6 8 11 3 2
7 8 9 10 1 7 11 2
8 8 6 3 10 5 2 4 7
11 3 7 5 11 2 9 4 6 8 10 1
5 2 10 9 11 4
3 8 2 5
1 1
4 1 9 4 6
10 8 6 10 3 11 4 2 5 7 1
3
0.374 0.184 0.988
2 3 1
1 3
2 2 3
11
0.838 0.231 0.304 0.941 0.414 0.528 0.281 0.020 0.870 0.723 0.943
8 4 2 3 1 9 6 7 8
10 8 6 9 2 3 1 4 5 10 7
3 10 7 9
6 6 3 8 11 4 1
7 6 3 10 7 8 9 4
8 4 8 6 9 1 7 11 10
9 10 5 2 4 9 3 8 1 11
1 8
7 10 4 2 9 3 8 7
11 11 9 8 4 1 3 2 7 10 6 5
3 3 8 10
11
0.379 0.427 0.593 0.314 0.009 0.318 0.403 0.308 0.880 0.920 0.535
6 9 4 11 7 6 5
11 7 2 5 11 6 8 10 9 1 3 4
8 6 11 9 4 8 7 5 3
11 2 3 10 1 7 9 5 8 6 4 11
4 10 9 6 4
7 8 5 4 9 6 1 2
1 10
10 8 11 1 4 9 10 7 3 6 5
1 4
4 4 5 9 6
7 7 9 10 3 2 11 1
2
0.407 0.770
2 2 1
1 2
6
0.910 0.315 0.642 0.870 0.521 0.919
4 2 3 6 5
1 6
2 2 1
4 2 4 5 6
5 5 2 3 6 4
6 1 4 3 2 6 5
5
0.047 0.180 0.093 0.654 0.197
3 3 1 4
1 5
2 5 3
3 3 5 4
4 2 1 3 5
2
0.950 0.439
2 1 2
1 1
13
0.571 0.428 0.062 0.643 0.173 0.379 0.304 0.361 0.086 0.340 0.614 0.875 0.895
12 8 12 1 9 6 7 5 4 3 2 13 10
10 9 5 7 6 10 13 3 11 1 4
6 5 10 7 2 8 12
7 4 7 2 6 13 10 5
9 12 13 3 11 1 2 9 4 6
10 10 9 5 3 1 4 13 12 2 8
1 10
13 1 5 7 2 3 12 13 11 8 9 4 10 6
13 13 6 3 12 4 5 1 2 8 10 11 7 9
2 4 1
13 8 1 13 2 7 6 9 3 10 12 11 4 5
4 2 1 6 5
10 5 4 9 8 10 11 2 3 6 12
5
0.855 0.371 0.739 0.321 0.754
1 4
1 3
3 1 2 3
2 2 1
3 5 3 1
5
0.763 0.603 0.142 0.117 0.338
5 4 1 2 5 3
1 5
4 1 4 3 2
1 4
4 5 2 4 3
12
0.494 0.021 0.082 0.707 0.982 0.925 0.740 0.278 0.590 0.965 0.958 0.476
9 6 4 9 7 2 10 3 1 12
9 12 8 9 1 5 6 2 10 3
8 7 2 6 3 10 5 4 9
6 10 8 6 3 9 4
7 10 5 3 7 6 8 12
2 5 11
7 4 10 12 11 2 7 3
2 10 9
12 3 10 6 7 2 1 4 12 11 9 8 5
11 12 11 6 9 2 4 3 10 1 7 5
3 5 11 2
4 8 5 6 3
20
0.661 0.737 0.699 0.932 0.799 0.567 0.423 0.270 0.183 0.768 0.149 0.452 0.877 0.811 0.910 0.160 0.712 0.698 0.680 0.089
15 7 15 16 4 9 1 19 6 17 13 10 2 20 5 18
9 7 10 9 18 3 11 2 8 4
5 9 11 3 14 7
13 13 8 4 5 1 2 16 19 15 3 20 18 9
19 7 2 3 16 12 19 11 4 6 8 13 1 9 5 14 17 18 10 20
2 3 2
1 2
8 3 17 12 19 8 18 20 4
2 1 3
4 12 2 16 13
2 18 5
14 10 18 13 5 1 19 9 4 7 15 3 12 2 20
14 17 9 4 8 11 10 20 18 14 19 3 5 15 16
3 9 1 13
9 15 19 1 10 13 5 16 14 20
16 13 10 19 6 11 5 7 8 3 14 20 9 1 18 17 16
2 14 9
2 16 1
13 18 9 4 10 6 3 2 11 8 1 19 16 12
19 20 8 9 15 7 18 10 2 11 16 13 6 14 17 19 12 4 5 3
20
0.174 0.676 0.876 0.142 0.123 0.881 0.147 0.421 0.892 0.897 0.071 0.617 0.189 0.284 0.149 0.343 0.451 0.631 0.073 0.626
19 20 7 11 6 3 10 12 4 19 5 18 2 9 16 13 15 8 14 1
7 3 10 19 11 20 2 17
14 15 13 12 19 10 16 3 20 5 8 2 14 11 1
2 1 15
7 19 2 15 18 14 8 20
15 9 18 12 15 20 17 5 7 14 3 11 13 19 2 16
12 14 20 7 16 10 8 17 3 12 6 18 11
2 15 9
14 18 12 1 11 20 7 10 19 15 14 13 4 8 6
18 4 15 19 8 13 14 11 17 20 16 1 3 12 2 18 9 10 7
3 5 7 4
10 20 19 11 1 4 8 3 7 14 17
20 11 16 6 19 15 8 12 18 17 2 9 20 14 13 1 4 3 10 5 7
3 19 15 6
19 8 6 12 4 10 13 16 1 3 14 15 11 9 7 2 5 17 19 18
16 11 10 8 20 13 3 2 9 18 7 4 17 1 14 12 19
9 18 8 9 12 4 17 2 6 10
15 17 1 7 19 2 10 5 16 9 11 3 20 12 14 15
4 14 18 15 16
20 10 8 7 9 19 20 12 2 4 13 18 17 3 5 14 15 1 16 6 11
20
0.179 0.456 0.197 0.442 0.529 0.352 0.890 0.008 0.070 0.518 0.012 0.383 0.522 0.767 0.952 0.221 0.866 0.663 0.431 0.210
1 1
18 18 16 3 4 10 5 2 17 19 8 6 13 9 11 12 1 20 14
15 7 5 17 20 12 9 13 14 6 18 10 3 8 19 16
13 4 9 1 6 13 8 15 5 17 10 11 2 16
17 6 16 3 19 8 2 14 7 9 17 1 5 12 13 18 11 10
13 19 10 15 3 7 1 2 14 16 5 13 6 20
14 14 10 3 5 12 19 17 9 1 16 15 18 6 7
19 5 1 14 15 8 16 18 19 12 6 7 10 4 3 17 11 2 13 9
15 19 11 15 8 13 10 3 7 20 5 14 16 9 18 6
12 5 2 19 12 8 10 14 16 3 20 1 13
7 8 4 19 18 11 9 3
6 15 4 14 5 9 7
15 10 11 2 16 17 7 12 20 4 5 8 19 3 1 15
15 1 12 5 14 6 16 15 3 13 8 19 17 11 7 10
11 14 19 8 16 15 13 9 11 6 3 20
13 20 19 14 1 2 17 16 10 4 15 6 5 3
18 12 13 20 11 17 4 1 5 14 18 6 15 3 8 10 2 16 7
19 3 6 11 9 14 5 15 20 4 2 10 18 7 8 16 17 1 19 13
2 11 13
18 18 16 1 3 4 2 17 12 9 13 5 19 20 8 10 6 11 14
20
0.341 0.877 0.492 0.757 0.866 0.194 0.828 0.634 0.311 0.150 0.946 0.888 0.203 0.599 0.375 0.262 0.185 0.340 0.382 0.964
16 8 19 11 14 18 12 16 7 5 15 9 4 20 2 10 3
18 6 17 4 18 3 12 10 19 8 15 7 1 16 20 14 13 9 2
19 8 1 17 13 20 15 7 12 16 14 6 19 9 18 2 3 11 10 4
2 3 14
14 8 2 6 17 16 12 18 10 13 5 7 3 19 14
6 5 3 17 13 15 7
14 11 17 1 6 10 20 2 7 8 14 18 19 13 5
4 4 19 15 11
13 5 9 8 4 7 17 11 18 14 10 3 20 2
16 5 10 4 8 17 16 15 9 19 1 2 18 7 6 12 11
9 6 14 17 7 2 16 20 4 11
13 20 3 6 14 16 8 15 17 2 5 19 10 7
2 8 6
16 7 16 13 11 14 17 3 5 19 15 9 8 12 20 2 6
14 10 12 6 19 17 3 13 9 7 14 16 5 15 20
14 1 6 7 8 20 10 11 2 4 15 9 16 18 12
18 7 11 9 3 14 13 18 15 4 10 5 8 6 16 1 17 19 2
5 12 17 2 4 8
15 11 14 8 20 13 10 18 12 4 9 5 19 16 1 2
16 2 18 11 1 19 7 8 12 17 20 16 15 14 4 6 10
20
0.544 0.625 0.250 0.862 0.991 0.430 0.409 0.348 0.373 0.656 0.458 0.371 0.720 0.363 0.042 0.778 0.136 0.145 0.688 0.189
13 19 3 12 18 17 1 13 9 11 4 14 15 20
6 20 12 1 10 15 9
3 1 2 9
11 9 16 4 11 15 19 7 12 3 14 1
3 1 3 10
4 2 3 5 9
1 7
6 20 9 2 6 11 3
10 20 19 12 4 15 14 16 5 17 8
15 15 3 9 11 5 17 20 13 2 19 18 12 8 4 16
13 10 8 16 2 1 11 7 5 14 6 9 18 12
11 5 8 1 4 6 16 3 19 10 17 14
16 16 8 12 1 20 18 6 9 13 14 10 3 15 7 4 19
6 17 6 7 18 13 5
9 12 19 17 18 16 15 1 5 6
18 6 11 8 3 16 9 12 1 15 14 4 19 2 17 13 7 10 20
16 8 17 3 7 1 2 10 18 9 19 14 16 6 15 5 20
20 20 4 13 14 8 9 16 17 11 5 3 7 10 12 19 6 15 1 2 18
12 16 20 2 1 4 12 6 11 9 8 3 14
20 8 14 3 2 19 5 1 4 9 16 15 20 12 13 18 17 10 11 7 6
20
0.544 0.352 0.552 0.302 0.718 0.948 0.375 0.850 0.013 0.257 0.526 0.048 0.250 0.914 0.624 0.951 0.771 0.075 0.749 0.098
2 1 7
16 4 2 14 18 10 6 20 16 19 8 5 11 17 13 3 9
9 8 15 19 3 12 5 11 4 13
2 1 8
11 17 8 10 3 14 1 4 5 7 9 13
15 8 15 4 20 14 16 18 10 19 7 3 17 2 9 1
6 16 12 6 4 3 20
15 16 7 4 9 10 15 11 6 17 12 5 18 8 19 1
18 10 6 19 14 3 9 5 15 17 16 8 4 13 20 2 11 7 1
12 10 13 2 1 14 11 9 8 6 19 17 15
12 6 4 7 8 10 13 11 17 1 3 14 9
10 4 2 15 12 11 19 5 17 16 13
16 19 14 5 17 8 2 7 10 20 16 18 15 1 9 4 6
2 10 12
8 2 16 15 11 18 8 14 17
5 4 12 1 6 3
20 19 16 9 3 14 18 10 1 4 13 11 2 20 15 5 7 8 12 6 17
3 16 14 18
7 15 7 9 2 5 16 18
14 16 10 6 14 20 7 8 11 9 19 1 18 13 2
20
0.249 0.776 0.602 0.812 0.185 0.318 0.363 0.443 0.982 0.359 0.805 0.921 0.063 0.681 0.428 0.864 0.398 0.040 0.823 0.035
3 1 11 8
2 10 3
7 18 12 19 2 6 4 8
16 14 18 15 13 11 9 5 2 1 3 17 20 12 16 8 4
9 4 1 14 11 13 18 8 9 3
3 11 1 3
16 8 3 2 14 17 19 16 18 7 12 6 20 1 13 5 15
3 12 2 17
15 19 14 10 2 12 20 18 16 6 1 9 17 8 7 11
12 9 13 18 11 1 2 20 8 16 7 14 4
6 17 10 19 1 2 9
1 15
18 4 18 2 20 7 1 11 9 8 12 13 10 14 19 6 17 3 16
19 19 8 11 1 16 2 18 15 17 9 6 20 3 13 12 14 5 4 10
8 5 8 3 6 12 9 13 2
18 19 2 3 15 14 20 13 7 9 11 12 18 6 5 10 1 16 17
15 14 13 2 18 9 19 11 12 3 1 7 4 10 6 20
18 13 5 4 20 9 19 2 15 10 18 6 12 17 1 16 3 11 7
11 8 16 7 5 4 19 20 3 10 12 18
11 9 14 13 6 7 2 4 11 10 15 8
20
0.952 0.453 0.073 0.557 0.943 0.790 0.814 0.076 0.594 0.846 0.968 0.145 0.307 0.020 0.066 0.907 0.992 0.968 0.953 0.514
9 6 7 13 20 12 2 17 3 11
7 20 3 11 13 4 1 15
17 15 3 4 5 8 9 6 20 13 18 16 1 7 10 12 11 19
1 3
14 6 3 2 9 14 11 5 8 15 20 16 10 1 4
7 7 15 3 13 19 8 12
7 1 13 6 5 18 4 14
20 13 19 11 2 10 17 16 15 5 4 14 6 9 8 7 20 3 1 18 12
9 12 3 9 16 4 5 8 14 17
4 13 1 18 20
12 16 10 5 19 17 20 6 12 11 3 8 14
11 14 1 10 3 7 2 13 5 6 8 16
11 19 5 3 13 18 1 8 15 10 17 7
17 1 9 2 3 15 16 18 12 6 7 17 19 4 5 10 13 8
16 6 15 1 3 8 14 10 12 2 5 18 7 20 19 9 11
19 5 20 17 12 8 19 18 10 15 2 1 6 3 16 4 7 9 11 14
9 8 3 1 19 13 12 9 17 14
19 11 8 13 19 12 5 3 20 16 10 18 6 4 9 2 1 17 7 15
9 12 2 11 8 5 9 19 6 18
17 7 1 10 19 20 3 11 8 6 16 15 18 4 5 17 13 14
20
0.220 0.477 0.050 0.919 0.156 0.653 0.639 0.610 0.838 0.342 0.038 0.942 0.094 0.374 0.117 0.683 0.496 0.546 0.332 0.699
6 8 19 10 4 9 14
3 13 6 7
2 6 20
4 12 4 14 13
5 2 5 20 1 16
11 19 13 1 14 9 12 10 7 6 2 18
16 7 14 11 13 4 3 1 2 10 8 20 9 16 19 6 15
11 18 1 5 19 15 3 12 4 6 13 8
5 1 11 13 2 16
17 7 2 17 6 4 18 11 9 20 13 15 16 1 10 12 14 19
11 13 19 5 9 3 17 15 16 18 10 12
9 10 1 18 14 3 12 11 15 8
18 5 14 6 19 20 7 3 8 11 1 17 10 9 18 15 16 12 13
10 3 15 8 16 17 19 20 5 9 11
8 5 7 8 13 4 12 10 16
3 17 5 18
10 17 10 4 18 15 11 20 5 16 14
14 8 4 7 19 2 15 1 9 17 6 14 5 18 20
11 12 19 15 18 8 1 10 3 14 4 17
15 12 20 14 8 10 2 11 19 3 9 18 5 4 13 7
