200
63
255
1023
4095
16383
65535
262143
1048575
4194303
16777215
67108863
268435455
1073741823
4294967295
17179869183
68719476735
274877906943
93
468
2343
11718
58593
292968
1464843
7324218
36621093
183105468
915527343
4577636718
22888183593
114440917968
572204589843
124
624
3124
15624
78124
390624
1953124
9765624
48828124
244140624
1220703124
6103515624
30517578124
152587890624
762939453124
94
473
2369
11849
59248
296243
1481219
7406099
37030499
185152498
925762494
4628812474
23144062374
115720311873
578601559368
220
1766
14134
113076
904614
7236916
57895331
463162652
3705301219
29642409757
237139278059
36
400
4406
48472
533196
5865162
64516786
709684649
7806531143
85871842576
944590268341
1000000000000
1
2
3
4
5
6
7
8
9
10
11
12
13
14
15
16
17
18
19
20
178497314453
91583251953
310943603515
708190917968
57098388671
768737792968
717559814453
43212890625
779846191406
239288330078
922729492187
977691650390
125457763671
359008789062
283477783203
167449951171
445129394531
617736816406
199859619140
303497314453
492736816406
773803710937
836791992187
71319580078
171081542968
740478515625
89843750000
378326416015
475341796875
880371093750
326751708984
254699707031
415069580078
364471435546
935272216796
334503173828
195953369140
751983642578
209075927734
323089599609
442626953125
446868896484
602813720703
357116699218
743713378906
187744140625
887390136718
663330078125
300262451171
227233886718
204396456
2657153931
34543001107
449059014394
707900771
7786908487
85655993361
942215926975
219612851
2854967069
37114571903
482489434744
999999999999
999999999996
999999999995
999999999993
999999999992
999999999990
999999999988
999999999987
999999999985
999999999984
999999999981
999999999980
999999999978
999999999976
999999999975
999999999972
999999999970
999999999969
999999999968
999999999966
999999999965
999999999964
999999999963
999999999960
999999999957
999999999956
999999999955
999999999954
999999999952
999999999951
999999999950
999999999948
999999999945