72
1 2 4 2 2
2 4 3 2 1
5 3 2 4 1
5 4 3 2 1
7 5 2 4 3 
10 55 1 22 1
20 60 40 37 2
20 1 3 0 3
50 1000 1 0 3
1500 60000 60000 60000 3
875 41919 53839 57752 3
1024 32921 7814 49566 3
474 49667 45095 18247 1
54 44621 55823 31784 2
179 21676 41558 57793 2
478 22530 55315 11250 3
1062 39888 35367 7060 1
1232 54529 44680 13201 1
22 40435 39153 8033 1
170 20981 47608 15702 2
251 10967 39166 31615 1
1341 15118 34127 49109 3
364 40486 41285 33485 2
447 44738 53498 24909 2
181 1475 14339 4732 1
155 39521 28006 24938 2
77 44825 13984 35861 2
366 11557 42527 203 1
950 18493 37053 20300 1
1418 50146 54396 13460 2
886 53125 14666 6603 2
258 28463 3609 14999 1
172 2257 1543 29826 3
164 18124 11397 29424 1
844 19684 18112 29265 1
505 29696 49666 49755 3
1026 17072 5736 19557 1
190 31202 44986 16168 3
1487 25142 734 48290 3
1101 350 7257 49720 3
540 27951 25161 13617 1
1120 37437 12406 56410 2
228 0 4603 36271 1
701 46774 56494 56400 1
599 34626 7369 54307 1
612 20153 25399 47324 1
170 46635 43918 51961 1
757 19741 36555 47836 3
212 26397 4604 2323 1
1334 28368 52925 6786 2
508 58310 31438 3061 3
490 37039 25485 49993 1
1149 34131 24305 18755 2
1366 47524 39324 24397 1
896 12817 32848 13299 3
1113 44326 9954 37726 3
1258 13284 54024 43676 1
479 28243 22972 7192 1
1286 4499 18738 57578 2
94 46085 24304 25669 1
1423 16180 11380 36036 3
240 46795 17613 39108 1
154 3588 358 55122 1
1349 2806 13664 21627 3
818 54693 10677 22783 1
909 53513 28508 47300 1
51 55817 53907 13492 1
531 54752 54647 58022 1
699 55543 22188 33956 1
1035 39398 6925 59805 1
86 38898 55812 51822 2
722 57993 21059 26163 1
