0 86418
0 42400
0 18065
0 77550
0 68240
0 13880
0 16227
0 14740
0 31503
0 55608
9193 0
1910 0
5641 0
7216 0
1640 0
9960 0
3760 0
9312 0
6908 0
2712 0
7184 21620
2074 56928
5942 85796
1040 45758
8935 73152
216 17031
8509 17216
9498 99629
3754 98748
9925 15030
7344 31570
6600 28768
9886 52060
8030 99308
8320 83948
1155 18326
5571 62680
5838 54650
6511 24160
8958 49680
1169 14630
3392 65251
4920 24700
7435 72886
8450 61600
1530 92488
1651 44200
8475 70790
1032 25909
7420 57713
5092 56690
7864 35912
6454 78640
5592 52500
4932 15514
9182 12392
7624 55820
1000 72148
1259 72792
9528 78406
6888 26369
9640 11795
9890 26078
8000 16952
1712 8216
2300 93358
6800 67674
5010 81324
6557 97056
7662 80107
5829 16050
9632 1035
4100 92614
352 51173
9042 18356
4000 75589
2227 99071
7597 13601
7246 20334
4055 63078
9510 34788
7472 30551
7856 27773
2472 17775
9120 3197
4959 26080
5912 49307
6903 96387
4592 63605
2416 92960
4839 58178
8132 53690
8909 19110
4425 62692
1920 6060
7445 91485
3097 60924
8364 49024
6840 97216
9014 78135
960 33230
5388 41470
241 62419
5320 30220
6720 91681
7125 86
9637 41215
624 43410
2967 15641
5000 69067
6304 88696
7521 76260
5406 2360
5343 97620
2000 18000
2570 54774
780 74886
6166 16972
6535 88860
2000 34825
7513 53636
9352 79730
4750 54406
1325 78846
5702 18445
5330 36391
9820 19943
6741 57299
859 29470
5104 19024
9940 14145
9843 70576
6870 53189
797 19142
7327 10908
4640 30508
5636 48579
131 97680
6526 27410
5184 72748
2150 11080
9066 20768
373 14432
6282 27130
8102 38350
4590 99825
6528 65380
9072 59350
4279 13562
8000 75371
600 69300
5598 21820
2124 72140
4000 97512
9610 35024
5850 67303
8715 75017
1388 11347
2196 27093
700 90732
3232 77360
5852 48320
5027 53088
2146 3558
2760 66864
6352 36409
4918 84293
206 85927
3324 21506
1116 43758
5600 55570
2180 34675
2384 63094
4034 44068
3050 97345
276 39318
2768 83184
4258 16360
8884 3686
1034 20108
0 55996
8704 57525
9146 45280
3744 55340
9608 83633
3844 90198
3472 22284
6985 70400
6718 29214
575 87600
4060 51520
2606 84040
3328 87040
9825 13628
9681 52704
1753 53920
4492 9694
9128 63790
5758 39628
1195 80560
5832 55200
1040 18884
1675 60365
630 2248
2609 39428
6804 66610
8049 52334
5765 2370
6146 13462
3317 83828
1728 41188
3887 11920
1099 67536
5364 71146
9838 28048
6492 28528
5332 42816
8552 24268
7616 69820
3984 18840
7044 21912
9975 31566
1285 43968
3719 57077
4865 69128
4729 53664
8200 62376
5934 60672
8700 51207
9380 83755
5594 17270
2381 17333
6518 27562
5453 99995
3984 93340
3630 91808
150 63256
8660 63798
9656 73373
4691 24540
1512 52198
488 88647
5344 57452
2708 30708
9288 61028
2335 134
6944 8000
7670 67936
4460 35888
2534 92645
5146 35760
6205 68632
9000 34518
9303 36800
275 61755
6140 14479
1162 53844
700 82760
2800 60384
708 43935
2187 23503
664 8634
6057 8809
6624 15980
7742 83840
4620 57434
8356 18980
1746 5980
9008 38700
6120 72450
8560 65465
8339 84603
5008 39220
590 22721
3760 95039
8482 98730
8534 21129
8224 48096
9202 56480
4597 80900
5420 56915
5464 7236
4030 10224
7764 45076
785 81464
9330 4800
300 93637
5050 55840
2518 31540
9400 74352
2799 84061
7500 41050
766 71922
4370 88352
5816 67470
1312 25128
8920 76360
6248 94616
5090 41008
5078 47040
2776 4914
8185 44909
8576 87089
3245 28918
7392 77666
617 67344
2820 80024
253 61751
5320 87767
2322 25158
7014 25665
4541 58090
5340 47123
516 80520
8879 57306
3193 3512
3190 49619
7678 33700
7022 88960
3952 15328
0 0
-1 -1
