100
1 0
2 1
2 1
8 8
1 2
2 3
3 4
4 1
5 6
6 7
7 8
8 5
4 6
2 4
4 3
4 1
3 2
1 3
2 1
5 6
1 3
4 5
5 1
2 3
5 2
2 4
6 4
6 3
5 4
4 2
6 4
7 7
2 4
5 1
7 4
4 1
6 1
3 4
7 6
8 13
2 5
6 8
5 3
5 1
7 1
4 5
1 8
3 4
2 3
7 3
2 6
2 4
8 3
1 0
2 1
2 1
3 3
3 1
3 2
2 1
4 6
2 1
4 3
4 1
4 2
2 3
3 1
5 10
4 5
2 5
1 4
3 2
1 3
1 2
1 5
5 3
4 3
4 2
6 15
6 3
5 6
4 5
3 1
3 4
5 3
2 1
6 1
2 6
4 2
5 2
3 2
5 1
6 4
1 4
7 21
6 5
3 6
7 1
4 7
4 5
5 2
5 3
6 7
4 1
1 2
7 2
2 4
1 5
2 3
3 4
1 3
4 6
6 2
7 3
7 5
6 1
8 28
5 4
7 6
5 2
7 3
6 8
6 1
3 8
8 1
6 5
2 8
2 3
2 1
1 7
5 1
3 6
6 2
8 5
7 5
8 4
4 1
4 3
8 7
4 2
2 7
3 5
4 6
3 1
7 4
1 0
2 0
3 0
4 0
5 0
6 0
7 0
8 0
5 4
3 2
4 3
5 2
5 4
6 6
2 1
3 2
4 1
4 2
5 2
5 3
8 12
3 1
5 2
5 3
6 1
7 1
7 3
7 4
7 6
8 1
8 2
8 3
8 4
7 10
3 2
4 1
4 3
5 4
6 1
6 2
6 3
6 5
7 3
7 4
8 8
3 1
4 1
4 3
6 3
6 5
7 3
8 5
8 7
5 4
2 1
3 1
4 2
4 3
5 4
4 1
4 3
5 1
5 3
6 8
3 2
4 1
4 2
4 3
5 2
5 4
6 1
6 2
7 6
3 1
3 2
4 1
5 4
6 2
6 5
8 14
2 1
3 1
4 1
4 2
4 3
5 1
5 2
6 1
6 5
7 2
8 1
8 4
8 5
8 7
7 8
4 3
5 2
5 3
5 4
6 2
6 3
7 3
7 5
5 4
3 1
4 1
5 3
5 4
7 12
4 1
4 2
5 1
5 3
5 4
6 1
7 1
7 2
7 3
7 4
7 5
7 6
8 14
3 1
4 1
4 2
4 3
5 4
6 1
6 3
6 4
7 1
7 2
7 5
7 6
8 3
8 4
8 6
5 3
5 4
6 1
6 4
8 1
8 3
8 8
3 1
4 3
5 2
5 4
6 2
6 3
8 1
8 3
7 8
5 1
5 2
5 3
5 4
6 1
6 4
7 2
7 3
5 4
2 1
4 2
5 1
5 4
6 8
3 2
4 1
4 2
4 3
5 3
5 4
6 1
6 3
6 6
3 2
4 1
6 1
6 2
6 3
6 4
6 6
2 1
3 1
4 3
5 4
6 2
6 5
6 6
3 1
4 1
4 2
5 3
6 2
6 5
6 8
3 1
3 2
4 3
5 2
6 1
6 3
6 4
6 5
7 12
2 1
3 1
4 1
5 1
5 4
6 1
6 2
6 5
7 1
7 3
7 5
7 6
8 10
3 2
4 1
4 2
7 1
7 2
7 4
8 2
8 3
8 4
8 7
8 6
2 1
4 2
6 1
6 5
8 4
8 5
5 4
3 2
4 2
5 3
5 4
5 6
3 1
3 2
4 1
4 3
5 2
5 3
5 6
2 1
3 2
4 2
4 3
5 1
5 2
8 14
3 1
3 2
4 1
4 2
6 2
6 4
7 1
7 4
7 5
7 6
8 1
8 2
8 5
8 6
5 6
2 1
3 2
4 1
4 2
5 2
5 3
7 14
2 1
3 2
4 1
5 1
5 2
5 3
5 4
6 1
6 3
6 5
7 2
7 3
7 5
7 6
7 12
2 1
3 1
4 1
4 2
5 2
5 3
6 1
6 2
6 3
6 4
7 3
7 4
8 14
2 1
3 1
4 3
5 1
5 3
5 4
6 4
7 1
7 2
7 4
7 5
7 6
8 3
8 7
6 8
3 1
3 2
4 1
4 2
5 2
5 3
6 2
6 3
6 6
4 2
4 3
5 3
5 4
6 2
6 4
6 10
2 1
3 1
3 2
4 1
4 3
5 4
6 1
6 3
6 4
6 5
7 8
4 2
5 4
6 1
6 4
7 1
7 2
7 4
7 5
8 12
2 1
4 1
4 2
5 4
6 1
7 1
7 2
7 4
8 2
8 5
8 6
8 7
5 4
2 1
4 2
5 1
5 4
8 28
2 4
5 4
4 8
1 5
7 8
6 7
7 4
6 5
6 1
4 3
8 2
8 3
8 1
5 7
2 7
6 2
1 2
1 7
4 1
3 1
3 6
4 6
5 3
2 3
2 5
3 7
5 8
6 8
8 28
4 6
1 4
2 4
6 1
5 4
8 4
6 5
7 6
5 1
8 6
7 4
5 3
6 2
7 5
8 5
7 3
1 8
3 2
3 1
5 2
6 3
1 7
7 8
3 4
2 1
7 2
2 8
8 3
8 28
1 5
7 6
5 4
7 8
5 6
7 4
5 7
4 6
1 6
2 3
6 2
2 1
8 6
2 4
1 4
7 3
8 1
2 8
3 8
1 7
3 5
3 6
8 4
3 4
8 5
2 5
7 2
1 3
8 28
7 6
6 8
8 7
7 4
3 1
5 8
2 1
5 1
6 4
5 3
4 8
1 7
2 8
2 6
1 8
8 3
4 1
2 7
5 2
4 2
5 7
6 1
3 2
3 7
6 5
4 3
6 3
4 5
8 28
7 3
4 6
5 8
4 2
1 4
4 5
6 1
4 3
1 5
8 2
5 7
3 2
3 5
6 2
7 1
2 7
4 8
3 6
8 1
2 1
2 5
4 7
3 8
7 8
3 1
8 6
5 6
6 7
8 27
4 2
5 7
2 1
3 4
8 1
2 8
1 3
2 3
1 6
3 5
7 2
6 3
7 8
2 5
7 1
1 4
7 3
6 8
8 3
4 7
6 7
2 6
8 4
5 8
4 6
5 1
5 4
8 27
8 4
8 7
2 4
1 5
7 2
3 6
8 1
3 1
5 6
8 5
7 3
4 5
6 2
6 8
4 6
3 5
2 5
6 7
8 3
1 2
5 7
4 3
7 1
2 8
1 6
3 2
1 4
8 27
4 1
4 7
6 3
2 3
4 2
6 4
7 6
1 7
2 8
3 4
7 5
1 5
2 1
7 3
5 2
3 5
6 5
8 3
4 5
8 4
6 1
8 7
8 6
3 1
8 5
2 6
7 2
8 27
8 3
8 4
5 1
3 1
7 3
4 3
2 1
7 1
8 5
2 6
5 3
4 1
4 2
7 2
4 6
8 2
6 3
8 6
5 6
7 8
2 3
4 5
7 6
4 7
1 8
5 2
5 7
8 27
4 5
7 1
2 3
6 5
4 8
7 4
3 8
3 1
6 3
4 3
8 2
2 1
4 2
4 1
8 7
6 7
2 6
5 1
5 7
5 3
3 7
6 8
7 2
6 4
1 6
5 2
8 1
8 24
1 2
1 3
1 4
1 6
1 7
1 8
2 3
2 4
2 5
2 7
2 8
3 4
3 5
3 6
3 8
4 5
4 6
4 7
5 6
5 7
5 8
6 7
6 8
7 8
8 24
1 2
1 3
1 4
1 6
1 7
1 8
2 3
2 4
2 5
2 7
2 8
3 4
3 5
3 6
3 8
4 5
4 6
4 7
5 6
5 7
5 8
6 7
6 8
7 8
8 24
1 2
1 3
1 4
1 6
1 7
1 8
2 3
2 4
2 5
2 7
2 8
3 4
3 5
3 6
3 8
4 5
4 6
4 7
5 6
5 7
5 8
6 7
6 8
7 8
8 24
1 2
1 3
1 4
1 6
1 7
1 8
2 3
2 4
2 5
2 7
2 8
3 4
3 5
3 6
3 8
4 5
4 6
4 7
5 6
5 7
5 8
6 7
6 8
7 8
8 24
1 2
1 3
1 4
1 6
1 7
1 8
2 3
2 4
2 5
2 7
2 8
3 4
3 5
3 6
3 8
4 5
4 6
4 7
5 6
5 7
5 8
6 7
6 8
7 8
8 24
1 2
1 3
1 4
1 6
1 7
1 8
2 3
2 4
2 5
2 7
2 8
3 4
3 5
3 6
3 8
4 5
4 6
4 7
5 6
5 7
5 8
6 7
6 8
7 8
8 24
1 2
1 3
1 4
1 6
1 7
1 8
2 3
2 4
2 5
2 7
2 8
3 4
3 5
3 6
3 8
4 5
4 6
4 7
5 6
5 7
5 8
6 7
6 8
7 8
8 24
1 2
1 3
1 4
1 6
1 7
1 8
2 3
2 4
2 5
2 7
2 8
3 4
3 5
3 6
3 8
4 5
4 6
4 7
5 6
5 7
5 8
6 7
6 8
7 8
8 24
1 2
1 3
1 4
1 6
1 7
1 8
2 3
2 4
2 5
2 7
2 8
3 4
3 5
3 6
3 8
4 5
4 6
4 7
5 6
5 7
5 8
6 7
6 8
7 8
8 24
1 2
1 3
1 4
1 6
1 7
1 8
2 3
2 4
2 5
2 7
2 8
3 4
3 5
3 6
3 8
4 5
4 6
4 7
5 6
5 7
5 8
6 7
6 8
7 8
8 24
1 2
1 3
1 4
1 6
1 7
1 8
2 3
2 4
2 5
2 7
2 8
3 4
3 5
3 6
3 8
4 5
4 6
4 7
5 6
5 7
5 8
6 7
6 8
7 8
8 24
1 2
1 3
1 4
1 6
1 7
1 8
2 3
2 4
2 5
2 7
2 8
3 4
3 5
3 6
3 8
4 5
4 6
4 7
5 6
5 7
5 8
6 7
6 8
7 8
8 24
1 2
1 3
1 4
1 6
1 7
1 8
2 3
2 4
2 5
2 7
2 8
3 4
3 5
3 6
3 8
4 5
4 6
4 7
5 6
5 7
5 8
6 7
6 8
7 8
8 24
1 2
1 3
1 4
1 6
1 7
1 8
2 3
2 4
2 5
2 7
2 8
3 4
3 5
3 6
3 8
4 5
4 6
4 7
5 6
5 7
5 8
6 7
6 8
7 8
8 24
1 2
1 3
1 4
1 6
1 7
1 8
2 3
2 4
2 5
2 7
2 8
3 4
3 5
3 6
3 8
4 5
4 6
4 7
5 6
5 7
5 8
6 7
6 8
7 8
8 24
1 2
1 3
1 4
1 6
1 7
1 8
2 3
2 4
2 5
2 7
2 8
3 4
3 5
3 6
3 8
4 5
4 6
4 7
5 6
5 7
5 8
6 7
6 8
7 8
8 24
1 2
1 3
1 4
1 6
1 7
1 8
2 3
2 4
2 5
2 7
2 8
3 4
3 5
3 6
3 8
4 5
4 6
4 7
5 6
5 7
5 8
6 7
6 8
7 8
8 24
1 2
1 3
1 4
1 6
1 7
1 8
2 3
2 4
2 5
2 7
2 8
3 4
3 5
3 6
3 8
4 5
4 6
4 7
5 6
5 7
5 8
6 7
6 8
7 8
8 24
1 2
1 3
1 4
1 6
1 7
1 8
2 3
2 4
2 5
2 7
2 8
3 4
3 5
3 6
3 8
4 5
4 6
4 7
5 6
5 7
5 8
6 7
6 8
7 8
8 24
1 2
1 3
1 4
1 6
1 7
1 8
2 3
2 4
2 5
2 7
2 8
3 4
3 5
3 6
3 8
4 5
4 6
4 7
5 6
5 7
5 8
6 7
6 8
7 8
8 24
1 2
1 3
1 4
1 6
1 7
1 8
2 3
2 4
2 5
2 7
2 8
3 4
3 5
3 6
3 8
4 5
4 6
4 7
5 6
5 7
5 8
6 7
6 8
7 8
8 24
1 2
1 3
1 4
1 6
1 7
1 8
2 3
2 4
2 5
2 7
2 8
3 4
3 5
3 6
3 8
4 5
4 6
4 7
5 6
5 7
5 8
6 7
6 8
7 8
8 24
1 2
1 3
1 4
1 6
1 7
1 8
2 3
2 4
2 5
2 7
2 8
3 4
3 5
3 6
3 8
4 5
4 6
4 7
5 6
5 7
5 8
6 7
6 8
7 8
8 24
1 2
1 3
1 4
1 6
1 7
1 8
2 3
2 4
2 5
2 7
2 8
3 4
3 5
3 6
3 8
4 5
4 6
4 7
5 6
5 7
5 8
6 7
6 8
7 8
8 24
1 2
1 3
1 4
1 6
1 7
1 8
2 3
2 4
2 5
2 7
2 8
3 4
3 5
3 6
3 8
4 5
4 6
4 7
5 6
5 7
5 8
6 7
6 8
7 8
8 24
1 2
1 3
1 4
1 6
1 7
1 8
2 3
2 4
2 5
2 7
2 8
3 4
3 5
3 6
3 8
4 5
4 6
4 7
5 6
5 7
5 8
6 7
6 8
7 8
