102151179
262534035
354042929
594059887
221234146
147117786
294576225
549509865
38382290
264879798
115654676
249126807
459645971
378734352
421913760
453318542
750479449
396473504
693376977
558120116
814333085
185036431
112035130
685185315
271427834
733467495
524571985
837282548
78368945
695519080
46747033
767877626
848180896
305949206
854110980
608000825
306141402
735311333
246157683
529052036
263085959
388354117
294789483
813924319
329274750
14470780
537331088
660835406
238883446
833945321
285653918
389540398
877592802
174593265
430863214
278007903
990676704
640520296
352868787
888448686
497079275
337223184
646803368
190295280
751119780
716654754
740468094
821164269
720115673
529952691
256262168
83152094
803290348
664812536
433757631
643733014
832431975
861694113
480906673
585764946
120479811
463093402
91290333
802784047
405099220
175691503
367403443
909808960
909901537
232358977
58171980
953617741
657587744
920606171
808575536
518971839
559079838
184957025
901300842
969259112
23804049
542074583
304743312
789603607
17918705
408215378
542126120
539030378
399925369
5303700
422612900
713583993
152892340
281413816
576008861
249017330
730626933
320836812
293615680
756991745
167051160
126002072
578345477
435015614
136154919
214253613
329143365
714208284
857401172
14321321
882933446
376069307
701556918
506975772
396888720
762784654
766193145
422504283
951047191
971661602
319799506
210451137
219177949
942065611
31004531
665471879
325298743
83971213
6816757
961786872
241197140
594872203
700146447
534760955
152127890
750978637
614650152
96430033
440773661
743034435
510124569
955404932
247809812
997875182
206391323
190530158
772456125
734971722
871112087
704790776
616227617
349892083
873088792
923816551
13430496
250505011
195860129
679537291
713841446
700459125
634804159
777678764
480340649
537679441
886232828
226962466
466982945
305594415
189474533
306010265
996499219
683099153
330896058
661588314
102312202
424418648
728393318
876268066
476743101
134776663
950689977
163142621
251390681
129039223
127000954
250830931
119310100
935773052
675925860
494746781
517101987
815775294
323083297
461362823
159478353
751259896
330114892
724384587
539972530
90011528
751340918
444291728
661589230
389235761
398746165
118827407
47077470
263610559
952851171
313034739
318375854
652090893
342327887
763417055
736054289
890034445
567345227
339886433
726576277
611066625
146672319
723884689
949307601
819593500
478948246
237763727
195524445
180709543
821197653
167315762
279248346
32824690
513836824
437913636
12298118
352417582
374930435
794218131
176959763
88818524
504001356
954802668
980373596
608849543
179151945
523720028
653315079
183475487
850145493
217067001
600174209
88121382
806386661
436194473
531168061
882216506
132598135
815547877
161535969
336731416
936896888
567533142
448983627
281475994
357325987
965008627
646766700
971782112
639230184
931237474
436371425
239380658
864761032
400727804
28141456
696441557
772964201
926964081
506591350
69750004
669893852
677285129
722447779
924725968
722103797
692413918
798907099
888564828
584601069
364151943
620154702
237123049
959719053
459115150
920950575
295279425
714459356
32826692
456151956
129807160
8031871
379538277
546871559
556305113
784274913
868675053
983657898
357716867
926399350
421022425
444130970
893749400
252184608
319392258
522981110
457704897
723980207
509478017
58305767
446386759
144798596
319700170
447481121
745399040
699548804
301613543
938609649
966470212
614445472
995185921
613819713
233750959
642292190
822813335
65905337
641383083
459021563
642295834
353655698
937767057
715917924
447220873
375862330
926014260
504758916
367987947
581807005
584532801
538003122
628122281
789823581
338864484
842684331
484821713
515023086
10641966
99444145
526038195
305299247
559010219
990740662
477473006
862037169
266205430
747681534
974680859
137236703
63255465
547629503
589621069
14622367
197521376
40983
439192040
522217764
96014594
756095612
23383119
110181733
769366071
520451224
311384484
892180939
258543388
571435952
435952574
706410240
766502252
256339381
761809235
641353834
704839023
56366827
277749438
666968502
769280994
112118701
515178724
631239787
792228743
502382310
790175336
816722401
594678872
261170401
407640017
353466517
663702731
560111643
814064356
752382578
104803964
280149225
238269181
277676713
730570137
155725960
728930136
401353732
673373627
721262306
688316205
972114099
329024507
28411636
926345413
327777096
251508277
413640976
424335985
123999873
266721565
437776946
442853397
968195837
289136505
784779578
880951884
13506342
13241582
60133527
153848645
180658780
140668383
488919745
155579281
682641354
752513523
328387217
231857644
203877930
513839607
82796779
243851497
60225685
25731324
960199085
68470673
181683758
619402478
864247727
35567308
204888941
316872954
661213865
53131434
886769504
471393585
337900128
513627964
824275538
218366245
51096756
939366236
938051788
332365772
803112279
26734078
884757778
652986089
988502657
211554241
300293632
261471112
871947624
124932739
554767953
536776693
623852939
830596833
226817315
711192367
7745058
486880023
225229706
220309427
523751526
825235273
506155484
434235698
884343199
986768672
735586533
421508537
20400174
973513233
714750665
674039629
545979391
621894333
714445248
764520895
787249815
623211169
252259799
94130268
673382318
108951980
481286189
80187534
757038145
487807275
940329561
488956329
819885001
743631640
588036624
904345420
438197318
984472819
670181331
950186483
441547745
902124445
655992371
899835000
268977164
334259630
437393910
771050903
567338756
845683900
362009844
478989272
285786251
887679253
253360593
246988787
270273694
762923655
794208752
80339806
59464573
550854568
829685194
720910144
195128112
370163409
676093641
460673848
356697888
138072718
229044644
291826565
311222583
623488610
886860071
334262750
752776031
680554527
444477438
306005680
756004381
998385804
602378493
202364219
850343557
759342086
439985015
802416163
870628704
263036547
455407955
508250165
89232189
461639129
737876693
903634743
662493675
992451127
285843805
450229310
250366906
202977820
803706549
22047275
952913200
186278252
496536418
477658538
222729496
597081955
991264963
9595865
340838504
853275167
622196176
815652932
903970934
452122983
745202621
848076011
904555346
556791111
492256506
323905618
340407639
132567029
881009713
300025158
860878657
985511326
233494503
833418723
413999376
453906620
858784778
758534784
269963010
955742786
438320233
116483625
149138801
210262831
835483694
675176185
100153261
832156141
769196030
858860557
471816984
66613120
268148550
844900518
213000523
484135151
367556979
529146857
801823660
287333922
21863957
945240224
503125897
396789121
604913921
157094968
781552638
257030952
468771424
275648760
823804633
177170390
290442332
472460381
560003209
349181285
43921586
767466826
412289276
536239875
732865851
810259564
715719385
627180506
873914644
706632038
479316366
522899162
878910125
195297326
98865796
862894358
240616372
845692019
514465264
213780582
950694432
61960643
989686960
60892088
791632932
848579940
359610238
586170895
644428962
132929787
964698369
432502339
443634398
111608930
616009549
915177160
825215818
179291799
616078721
502955016
309053564
564939854
677000995
814472113
307039487
918521776
936051371
8795431
827463100
130873385
827136183
195538553
718446236
186257827
366983514
316488595
587039580
680219087
221783231
194497893
327623789
719629408
299952107
156785754
486511832
90767774
133454192
749968238
32908746
659136706
682695935
641324931
862260982
341052501
399082536
508534603
569350404
323675120
357802426
427994640
237322672
676219818
92020167
576272213
232257048
116311449
782949142
751271872
435639036
870123779
238897828
626213286
498019491
604771278
541748623
225590053
895190456
380680992
812204037
334072929
701443507
932725395
944640579
800996322
179194178
133519125
92690284
879395272
588118900
1171743
878507380
34762083
552798665
800794411
901143347
518225887
269567031
384416398
415629386
917318039
782953625
191973955
99708697
505254936
321757117
118816158
853634960
425012628
572987721
316042877
139049265
913586315
124901058
863289695
914425634
457917031
336185295
361814129
814696438
97082401
884018031
466584765
480684882
420095929
308414067
823675258
537020811
677505691
36495332
677342626
953536389
386480289
786357585
846068322
248342279
855631097
881114142
744962197
68208506
27035778
759122980
376371972
297745465
150841774
224819557
369309985
484306015
933362631
26983828
642316656
14278333
791288003
511543520
536011419
470659188
919721922
220873028
952565120
766266936
161457866
244512795
858262780
908632784
448926764
147166517
535770050
293675528
210439542
714451535
45905920
245758266
936254982
79911457
566167888
552359659
795908538
438236804
688616185
114356656
314496250
702790120
87191429
91131911
919730621
579100650
387162024
221768504
857829505
465989872
715101215
282191715
391512955
400161611
52800048
384355527
999900781
407212357
670902157
982418300
126131147
716153875
811368282
714459535
887869893
906113785
920148812
84192222
204769790
86245378
847031531
649481253
303648854
294304428
899191696
502515228
63126343
781068691
144736373
837113235
327787219
440502679
649480154
640516975
645723627
751767492
366676187
981732979
650749278
341054555
916683063
240249577
370122926
244129052
824667875
309588269
504415244
778791326
588220785
692861202
779094268
507520377
718405938
629472613
834639678
659473759
926813858
256309132
987513220
17602415
206696021
719273180
484147889
396830361
240625173
167829125
165947554
374755366
315491697
624751251
647613639
597375815
867109192
944850160
949740270
910816261
562548997
908888042
692118753
334966686
566519187
938785439
551624962
48445901
172260608
72113730
952939701
416335981
236699842
963593799
445502264
836735266
118694072
879091975
677985272
7609130
502873043
785342373
86887145
54959867
633671645
432882642
222307210
415219204
408371011
192054681
810881816
674651605
957818543
493921833
168700934
958640013
688701915
359847066
289360161
944289623
907914620
460874163
59447060
646628455
236390729
595989702
575730708
32603371
935800231
766164450
394635285
498498831
521693510
799538716
999555075
341322112
196169009
829718299
457167020
707246537
980633847
514242690
534879096
584973715
446381252
952890689
707962675
422626661
956486515
175320326
570852392
594676412
202087066
583289962
693228284
908012591
947560387
422096976
49348295
806126690
492859707
406595970
541083275
89019592
444537335
100573571
119146406
98887743
627383525
58464850
741830756
398466374
342521331
104409487
818021230
556729286
924477444
327612299
141217936
175101358
232256624
477998343
746377397
524563447
410488289
499663247
564614769
459372071
949895529
69970777
95085575
836602720
181244220
930170081
472364618
220317611
545855859
794385685
717408195
563356375
375392993
601283021
251681434
194225123
177091246
640412700
730359923
80378507
956536695
730763503
671405535
723411065
511336574
87267777
869474492
892581531
108092211
520251753
554730033
30494320
310341516
591046253
621003767
266073615
924495340
576970283
223534157
400468297
884157461
597593737
318433114
627997613
727431609
99195227
93760364
583265524
233935101
109711918
162158406
255052289
655801874
876022491
408128839
259934531
47657972
699828404
595674664
57074967
794979543
318526068
506911117
575561775
480322413
594733158
35441836
891004249
755033962
432927370
69953198
792487896
562896657
63499643
975410965
483094718
716412861
994936675
454343019
642333249
713208285
811064300
975161904
57960294
514466271
697006955
845693934
958325259
922235869
967469899
186394258
263454922
792155727
651246990
340707387
222574134
53051044
178545387
610675317
714896534
483778855
542689687
706612989
169717095
935873244
283946544
48733011
715421069
732988636
101478579
375506266
552192331
843133671
229953632
738731975
440869387
646847478
784186323
169041341
408874256
898852796
934285661
710775062
335373930
390957200
686132100
918327122
680176544
572412319
406629628
652137427
377482151
322801189
101789494
55693219
559885434
987726835
828163829
596698785
267750474
557412448
358091916
693152289
433017768
7740112
933309057
803653632
753919365
115224776
192783149
897407996
287641820
87757580
854392657
356299380
919225511
733506906
365624637
780899784
922078926
8443023
999699661
43191622
633249495
514030860
232045952
883283671
593976409
291396239
580921668
509914011
36829104
490318526
306719393
536679762
906634912
165496475
668360297
649160369
962051159
927321214
42041980
346859612
295959197
438542226
535099878
384595494
412440197
115781638
813687053
447596496
567871901
540666481
69656616
660942251
723622957
261158100
930684986
126291734
695276904
416078184
151207714
284787724
642315758
94046185
288203361
143807753
361283176
95086986
241316402
421827940
784633183
227714588
339879686
829000992
830616371
188254668
658506112
472999046
98138112
587331986
311694975
599152625
268103102
965177925
908520871
22703521
515405280
650309389
606576715
899709593
334640781
792073778
238890568
560412904
485346784
124703712
831573489
430117706
194474875
932563255
677983893
485732418
332794304
418510105
734056875
9905024
867991676
713881295
600502231
685831807
464049381
872487981
572761199
520799402
676752433
222100020
386065275
80114711
698329815
957930261
730675122
94841413
734723084
893351199
594503668
263607339
340889346
87559104
419738974
31244624
599197822
84381603
393899448
376897256
761392235
863941259
535170508
553066463
129937841
26921590
562286822
899978474
451712526
554043654
945268766
143309673
439998545
986905807
762321965
450818071
734011083
95240704
256354513
793011229
398377098
144567224
346271703
902378705
615097202
308318218
670492664
330984185
908472468
123431784
277497450
169537195
926581581
372230922
679725094
295946909
710506421
181190455
431693853
106410108
103361016
42438033
240675886
717979309
170115628
261587760
926685572
792939863
934189592
269643402
344223863
555076906
998762377
29721740
397727516
640652304
911304127
911761286
321301233
72265832
866898202
512439124
637679282
227825741
559378482
127417959
51344701
364162421
66011997
374171389
361414254
73406346
136783476
954811432
107654822
602467381
500643549
718947713
577058320
740956271
133772328
893571796
953637300
885591576
220398426
986054280
557532448
313215839
239607227
318068144
76716340
253919031
760009392
662651901
800370237
932710619
251297248
374086582
664006001
461337761
941434701
294516955
268866616
83096123
254550430
584520440
495000980
830721127
460018731
828871016
181688499
484626358
758266731
153221201
615233087
264750184
829946836
537790403
58380420
357531471
865876454
111904716
356130188
306727990
578955423
37051412
943550274
230582901
18263382
361224821
960471931
451618589
858124301
434797904
311635349
258864832
651159032
421985935
663453675
952239563
315242730
70626122
340940031
201967432
238463828
539352403
430752337
186610148
130223958
135107726
733965998
497230033
810087312
587418124
414217230
597332359
197225598
933005434
502633964
610491914
810927094
524028126
397254844
796757821
791882244
264151222
482966924
509927028
515273669
843767862
180580983
464456056
771257751
799105486
469443215
397040044
168664365
132696101
204833321
838785106
667816163
768245162
825970422
433494657
301371872
620791950
224223384
382726157
95188870
679947407
280190506
718782932
62114377
282694192
366567895
744304883
956417409
875450195
858036614
283321611
783041732
313435657
159734937
217124415
451383857
554940213
833611761
293998332
747380007
240602455
604491166
468881937
845268136
727445580
154147489
643430400
845685169
784088476
40066951
342820160
93492403
524689625
873535050
313832344
649005028
726329906
808126371
83814812
935316158
82432234
976611902
508394358
833642148
827480930
449920393
973476939
645665227
752796937
126286437
736774843
749442224
698718938
488240666
217723235
568644486
858737369
578531999
789701713
395448407
164170948
532942499
905790207
532884258
157070153
977383745
528969599
887462837
878333363
167329822
894821399
819692799
546459210
964856634
169654959
786658459
811230402
786987814
410194264
417571199
570655729
962471850
23410837
673428434
564735853
104360567
677283939
415479161
277848809
262345994
300004494
277423304
952039293
38160767
31405514
28162002
408384677
368118332
674437577
130275226
169540230
616889206
933561571
650874106
178256716
121787858
782740081
554638387
766353510
693534830
386723712
27664235
713693935
953259218
895366443
777755093
188530696
699868066
796511484
59813130
303583761
344999146
284411135
114380423
827519142
560938242
657680413
810214725
855031374
196011764
933091094
120106987
730320475
291559834
551794101
271801217
388487165
709328212
777645958
487427478
228739397
969845198
865966209
370397294
584252202
957726769
618784587
208423930
595696930
258190625
968516384
787185775
956158982
354411732
400847861
450090084
509151409
71083658
635648316
171749207
175009461
780872401
313901725
382563808
458391493
482943406
602675902
116097024
557080989
20397676
52516331
18705953
119467809
758819078
304555292
779716446
449272577
432428574
670752818
451641595
696560292
902455941
22268603
408471851
462221279
666644713
78655587
155296063
27905287
382202482
589969617
488991884
103225699
833258235
828452647
545267365
24127312
156028211
498589846
383748280
757729953
527223513
687548793
989009205
608616765
443499592
490359290
796760350
346901430
894870248
146116619
873102403
135534787
121004835
998427816
38917368
475957104
859389718
81724494
745704525
740300412
280456589
600853195
198373722
371664098
433288336
455410517
449192851
387005523
49340498
642794438
438747904
607103447
886478312
225256543
87039548
58762177
35554208
345059536
54674118
222512105
979727451
468638256
50019433
646896109
541369746
749541022
890008143
266118959
792475928
459919814
83113829
208903732
730653441
407599275
743685832
237271700
239721393
242775964
991777498
268009175
61921615
79940333
711957356
481533672
792086336
521452887
538461171
327017189
252900102
380991052
191078353
680539963
267757530
186119248
149724777
227294838
171322916
817591086
610338599
882995055
517767861
909853175
945289427
775691706
363324840
135906367
581814965
484013693
468085144
977405681
873417690
99165119
187960324
426109954
68734696
676219766
26047663
218331143
287779281
574435245
624323689
411302822
484592026
141322399
554694660
822311066
248880043
940742454
519046635
11922259
596981648
540747877
409259935
434613026
964922673
397106945
669525350
161353896
99461895
61589015
482640776
184099446
386955004
336875883
197965759
460441728
144044740
241146740
875480296
67798276
5164640
800633589
156774846
497561315
91774026
557542797
280399709
111665801
270311841
255926974
442025984
281063786
57493419
929223317
541811239
896375802
647092246
516410032
973546023
881704304
313413675
246048993
747893111
671701975
686553711
10641163
654866988
298985092
732227040
109446872
247788761
323255693
726723654
109320602
691431279
157836397
186531499
638344146
209523665
298824557
771768836
704160131
514801588
606546957
584959176
372661687
494738908
151303597
265930317
247438719
996959832
149716963
28140169
441829652
571841935
578881460
105796641
844539495
579028251
884616982
991862919
789914625
16940005
46248310
56048486
2217562
748680062
126589495
926893945
675790916
3991016
691652351
739091349
31114774
733315960
578852485
134121733
941750238
626927308
391696688
428430346
608248649
889653774
833703556
194505345
939338146
995385056
804579479
954772050
484934331
945897750
155873424
378610820
50892062
472644702
869593502
267351678
285962086
896461554
437941393
31484345
159593881
515130221
630287190
171170436
496408077
375653812
916556839
952478591
343695592
154467768
127552213
639016531
525330656
992897016
88485932
318984870
770397180
861130970
209994602
699552483
543799334
718641854
267141370
700369558
386706166
611492230
488605744
461570865
751728845
2788424
989126752
277445399
277093244
268875954
996512866
973154362
272570744
853656712
198394674
660507926
984499842
150644282
705651396
814250038
17424992
259998325
998505217
298025980
971151878
515515039
685407596
823630628
974899057
542802748
457525364
961014120
765032137
933706977
637499773
26868605
756624665
203022255
464447374
276521566
781385141
48586649
989608921
420114537
280373300
460778572
820968962
847058427
565290885
541779881
696044703
983695557
691525678
76555574
884504538
375278244
130217899
440765094
811005229
606288404
437850324
95558022
171754103
186551396
636358823
869000406
716811004
420173791
784778781
754504655
317787953
477518392
375356799
183247812
754137111
193953379
54425547
511356248
745889631
452093588
530140522
932931499
417052216
662902571
111271324
480596242
473122114
200574629
281166329
20784391
28134830
516810362
970660053
775552326
678172463
236122440
507174205
626156716
29108186
949928044
310555940
888022986
622633693
754181611
241934826
984525353
372665872
486303316
714889974
327080296
299417054
901080900
256722866
107968906
160452649
846065839
596379920
208373732
330153326
979001005
698736283
115470469
444437278
830469679
755533180
267563404
838977052
275994318
308385360
748115644
648187863
395522617
953386243
23630681
88388741
644855137
413396127
664526496
669135078
183935927
536888147
15022210
397603248
247113021
3586053
302880695
579576083
23843343
222134201
750728055
803206278
974501504
691642547
581376015
342744381
24644973
10042249
591392532
290539164
143082303
377779031
955840067
700288482
818877051
6702381
963330967
620778207
452462334
198691259
960774930
600756148
630526996
963350455
561956323
688547241
488374913
61552649
274024788
321407012
49393288
31949953
881759210
281928804
806357131
787401944
525791304
633370110
2433285
577328785
772575784
35077181
134135848
225335334
973051877
705934500
598808563
263603326
58219202
212892604
389154971
544555640
87144820
352072929
609065760
903061747
785586715
696516037
711141367
169288260
835900907
978937770
146854498
233003050
832725701
178494261
344987452
856731505
492780767
620017765
683838723
827400737
312466651
336071473
878853312
564332657
375206755
331996104
644635357
940243192
174235248
269994368
685253640
262875979
432499489
351126287
852861314
684729619
964125427
49071151
41944384
91996740
343559183
133356259
853785133
692888077
338023358
674295411
230741281
752606741
691788368
642961056
152926166
713747962
193926787
208798239
117801792
34711677
686749891
863449661
667172964
45378058
372270254
811439827
155570983
402069873
218653326
883149588
805410907
91353596
675944612
761629914
439882134
845606745
604978010
27595863
769587633
930373979
544757723
918740956
536322954
651348273
276261533
751443168
727923952
841998434
484413672
890189808
709338492
398007172
992337257
974284791
688894299
932917678
527603779
42759325
885503988
408284040
834701123
39358100
433560928
264083656
824846351
935250925
899869978
658513325
719035584
989504329
120071715
615908897
68940288
647822500
269998303
559512335
564004844
995134820
108388109
982772209
539702399
413402255
740539463
960680953
131682763
494359572
442894174
827913728
680249091
922223189
797326062
889182089
970152839
740957090
135440922
903948713
381381601
899895240
165967610
427541732
2239620
382944645
558940098
245493953
879540512
860448911
965037281
422489189
740436531
10266185
96199928
589851086
755430800
278986282
296193306
44048822
451393205
235964295
83609789
498847172
866800505
282347604
553272183
728612411
676191809
517902556
702616761
13985469
304997518
241011622
701933487
2406664
88666796
739080271
355552069
556074026
464748468
529963865
1137042
2357190
213138472
247811764
415764211
226517420
659137912
176399116
801619762
312388775
905415672
297511512
244106561
676888169
204040020
146347245
893453532
20029910
382974254
684323027
458551402
385166419
436259112
484094277
998500182
371069881
218237087
609682385
885820500
101341502
40384269
680034408
759255582
462064249
971772607
213757156
788542908
685210755
172423905
206448134
852829648
396809263
498764287
229967323
753358922
609482075
776525088
176235438
5892519
850712456
192164374
24470849
548006372
608449271
268172714
716493968
60286339
691227962
56038382
708304740
434480029
397389710
182551861
20053214
361465200
857429779
710764742
485172049
368449013
545258266
790238552
67813717
321467621
911625707
744713540
805380298
376364636
226850772
410488366
768757744
195427961
47280303
787202467
633843255
228014885
89799706
452387627
187573460
387987974
481615501
385978268
898191003
775641486
369755883
962452641
517876788
760407503
246186534
77963619
753677163
976132982
264456780
350348569
505062608
493176131
591797806
647295349
873839018
585895781
193983414
330578615
848715730
938647588
379390528
435422473
125980946
135017528
555159059
117940491
828352820
520490203
413815555
854393013
450410452
757159129
284735305
374493867
291022530
573595724
665290270
798422181
61095559
670306721
840130224
69157179
652617770
567909725
618718677
479337177
207160874
153117012
515088958
892332825
562284357
121736293
976730384
992844964
829841836
156362084
182977852
834195706
902970165
414553111
969639998
462414180
846180439
55102947
592531018
12453126
82607651
478344263
161997921
538831942
117232856
237690094
701657342
386753118
975194380
680819918
571027410
607388585
920048439
108032710
663858149
889040391
863760276
301441797
396156693
562696996
893866637
389080119
427925020
472998718
64752375
233299980
370459882
921204892
760956119
4767973
756244144
456193740
765502381
247425196
592830784
513967757
605186814
161602099
481047694
523764690
700203724
365747845
243210110
560752485
64685683
839996847
418435886
757789873
432153749
955881652
334236996
129175006
55411159
83882576
874378888
762112390
273161420
115110742
541725359
158673190
101785247
745974196
927449383
755083438
737082771
750663692
439258007
65645656
513503621
461107561
304826489
893320611
814562486
211786001
571863466
579782719
225856106
379631101
101435231
620753993
763546975
18435548
445189821
685650370
390678571
668001482
202065481
402684275
107577101
443303
761331802
910316973
594941564
325655666
276358294
816450642
892908788
129211309
908046691
622677436
217047003
671063078
324568240
616244647
23511719
549896220
653865961
666541973
234803346
208570010
523071517
244247290
308560938
376193933
396701653
693338149
12362104
98218020
768534467
257710874
11590
783048982
142076178
669445537
420070952
182580923
92956879
14462227
124629435
28971181
82439174
284511112
100054928
944640045
269262291
244902191
273368873
876212897
482621997
518026996
467461846
448650646
283044194
559345463
927881634
981164232
773606614
232061438
774083156
407249031
322281034
73631170
976735672
939824050
541804287
258281987
196934274
999063967
505565879
323716271
379451520
352902568
97983793
583101161
976951323
480994782
483378692
598063664
573985591
105326772
534078007
530574509
143315241
910987074
8768545
150725999
328046568
822023163
133720135
758505455
474235750
880125401
324113630
20660388
84794656
901064115
736442309
563088723
151182119
603957305
930154666
207787586
109697060
506742510
223438337
91731808
708571052
747974361
311915628
427414966
943004153
701222229
618414365
517665294
548324663
919390575
56278875
422842404
481368955
288954174
819397172
130882076
419532037
18301019
513540174
557682069
886537153
863509854
304058759
814479001
380983876
167569682
183842033
240865675
781000542
561224295
782501861
301855419
130245568
244918883
358293973
37879588
374541894
246925559
740872090
373726360
438097186
298542192
403405496
15555805
105691438
744119639
699730976
539174490
364533353
576284596
624883311
890503016
91380620
387926091
819136875
910041991
767970973
847233150
842980369
518379385
134201903
975238998
346037618
974020411
398863201
153295538
122063264
238373283
272579414
14878319
620226127
931046041
560410539
556656353
9244579
957233053
963216968
925114505
281788969
675597724
621331431
883755250
210808451
392155113
193619996
67550067
933543291
953517046
397883177
960723401
136765236
422026738
959940407
576100720
611567843
817540481
746459653
82040920
320747510
46385963
975879767
965767611
269322136
303201261
946651032
742608041
717792531
27472399
838823951
887830408
558517228
354916524
475342432
467537145
730989195
744859943
804674141
733286421
121378561
838240516
315814278
308168887
435937420
392295239
805556102
43099007
226870304
849298780
989860271
751454780
518305568
472657940
15313624
557808861
509072682
550229462
639459435
600582686
57244731
114350376
688012460
575415473
949408744
258789192
536737521
919279181
763542524
873023088
921902916
997657292
688152786
798365286
488189331
503710106
704551689
348703017
293664872
425077881
543554180
63722670
807825017
721393129
507339609
247301212
499304339
847827311
727985881
134599468
735347441
577350037
965656185
108822417
162610050
613198912
407077958
239281648
313398551
948910624
545988561
578692876
726565258
398038860
736251302
786766502
535942571
66123750
280181027
632341615
716221973
341553312
732097413
177055326
970412399
891059020
515746539
385674603
71782334
654553318
879391221
487640365
417219781
723255141
341104654
686381489
465401937
457951182
342435897
88079804
209171217
835916520
434152674
982120538
424914885
506989291
931534961
528769407
684981034
355658820
48026388
987802027
217992503
489420921
969132439
216116340
881198254
852928491
880662666
331194037
32257576
661305022
946931764
888563732
645638591
88836338
291848596
807422473
213117023
201646200
154662549
935636132
723518834
57175750
400692885
715547226
179029712
186723855
18126007
819220453
728494399
441471177
874940787
124142688
525620892
652714602
770571443
814775942
841294839
341540220
598362128
411327948
867238066
361591482
194703366
302194873
319298193
949128035
844982691
964197432
527326362
7109719
639144819
579898501
167118488
812029537
618215961
130458821
258282290
345690214
7236835
454431820
557510182
679017287
620868662
877238433
679679676
615867029
277519272
343055034
709166270
242788461
833598229
625216922
291447730
975499038
204142668
180430060
282270927
216193095
707118105
553747199
36573590
460923309
684798468
126171512
53721853
291231013
89414981
176198539
509211965
609170477
938548550
808021870
50681720
32529916
314270517
202521975
682510571
421460291
325607101
354211239
774550538
578888115
99162577
788679651
371935611
214303255
306279312
110494368
593358801
914226824
617321117
28271235
551196984
239205723
713746760
523687954
268395946
344237629
517515183
714136306
916754444
332599687
318816913
919491958
524984182
745228846
757963866
969633512
521949170
765262578
621497889
699971176
614602057
63309062
559905044
906264997
796056071
825465640
12123367
948072679
305623583
5779588
246267743
652560874
542597701
882579194
938305529
523973306
86805755
93853514
639154665
770079926
940660414
634335053
743926067
814468056
260423238
341019127
173432505
15256828
938407939
856444227
103154762
556218713
199804481
912393597
215608660
554655886
301908722
132543159
791850902
163797110
935821730
8983643
690065158
880266237
204195480
310856982
325589520
595358403
437890562
487092860
19120547
792365992
801089767
473220219
727803227
459653357
883205189
299621815
607040060
497111123
441746744
617379700
310518151
451269562
297028375
463280632
181036287
778789286
164959136
651313774
375295874
995633249
602334151
426149619
266082065
787951312
963915397
292907016
493706572
878372001
262510033
601757897
166007941
670687564
538986221
397571262
636086758
354687178
9438930
224596092
843913673
207040517
830720557
884536587
440949375
563052756
556748022
407065788
159631559
830670096
263895105
30112532
442127295
49868473
802900106
137411077
434496134
662981371
529296289
322084892
569999339
561463982
407014936
81215031
457156082
772444331
868665626
726818097
337827370
608751909
13160295
692668727
948014943
197140663
412711339
833106442
538186412
729797194
303614543
592160876
111390936
305668523
248526027
839781147
871316965
764623944
638086105
248993295
141259942
583492621
370637411
520978855
229888668
906468396
803773021
706347938
916518697
539747802
405534655
998803328
954154707
220315515
414449127
369909002
34256882
884468328
604909145
59704996
165587597
821351316
657469139
793429511
325750407
752777870
198976743
378703358
410975819
110788601
710103663
149555514
111111924
679818252
57888861
518609500
150086484
155242104
648064632
170263280
882107613
308796264
986477633
952601833
295361871
333948569
168883158
566007030
982918309
211076234
300481707
70590690
528990625
553634489
258080845
399840122
592709720
325972996
994606478
77461071
868081798
312382270
613030573
755349883
216096501
624158988
137279375
111828149
669809663
593476333
53308266
311525131
608379156
777229037
822678094
617096376
808081270
255446634
914216522
118170585
420289435
188562393
287992382
99698968
352474254
536497828
219241342
140495994
188033377
179490465
380952137
374000126
808273790
349488100
410812136
604044163
471889511
451710948
312425102
309130516
693976046
775538536
342055214
587428335
821310262
549612598
259359015
424653930
150522368
1204015
404648029
615500131
188962789
679153241
598812222
749114929
886164580
84081678
658699716
549434112
658460632
908696260
856116011
183446892
631192209
605106888
830972317
869904760
667576101
278792218
94744015
960138536
645933358
218966613
739063557
974132653
193616923
454597061
640554172
667983704
418165809
30441017
483402625
285180792
352104322
670068195
202025380
278894168
506808886
873816
84237279
197856522
392515427
7574269
887103398
604171321
757835204
996790671
358644378
749993164
744957458
544598610
470887819
114505739
564105209
588659753
787382615
769715080
458076865
428370320
67286241
33899537
303555499
680299804
899654628
283065619
542690310
437034486
808438749
828158310
978542097
539103256
740646708
559929174
113940573
108496389
315695441
278828181
249379383
539602336
684970196
328724677
699931472
541620433
977054327
855239816
95240969
674865649
437012719
406575893
23662797
846680317
392147714
621217867
387362340
918416191
571410453
992384185
792968548
150402265
770534270
735563253
948494730
965315211
625289628
698180599
5291645
816554299
173384214
718009586
97204981
328504000
263415002
694795467
456286314
432952598
781878664
827857946
660552205
228079188
827554229
85403283
759267685
112464699
276270795
133740835
291756420
981313368
542174545
273240028
926584626
188826581
675515501
660144779
664042729
528381740
937140583
921068172
876826461
87780140
263951108
561591881
589551396
640828746
384702333
277126282
647043956
531926992
655742031
173959185
899017575
868226702
307229904
225960259
281310653
79541872
273006962
219150865
949879867
125072281
540137659
122020938
552754626
228871451
293788979
814360050
598121829
262531202
924438741
704602138
994300943
995509532
677589222
250109663
708788186
770016800
300062123
338641793
13111756
780971537
272522423
21729339
371020063
707887062
63532072
387451925
545525727
781441840
540537088
341466973
859952527
530405611
394616350
590375506
995117447
706057618
981191170
907626323
670418469
202646480
757669328
937067680
283776172
110273465
607446717
80940794
349780170
590923244
825546153
92001431
368140889
390810047
268115125
217344182
368022215
935854033
982186112
174257344
838772750
825314965
806070740
13710902
930828844
339805887
943123829
85552145
522412325
246159279
344116553
66383600
825667121
385784409
582892880
391249863
42557476
913600755
985609223
950898526
100791946
289066304
754228042
990190541
407799626
66682805
659658781
46221075
778453366
150117958
820306684
56493176
400051645
694311534
867501037
854421419
85928885
277508317
490389475
252235585
814060606
88626887
142285813
558067314
250220053
529128725
950087685
607411596
181970880
159341645
516880253
397483374
524402034
900286258
603440164
312814742
884908709
570078945
62478071
422260503
841702364
431847163
752210785
472238552
186404882
517750759
147387916
60580380
838100522
317834089
782154640
88574569
83619508
187236079
959024575
350139862
927034297
854821523
314324507
46149871
143630416
198001116
787892046
925561276
53648750
566590278
454741297
192174038
584036925
298009499
912810646
565200688
128542406
918704032
325861451
893358945
71315898
324212205
978157565
860279335
464347046
835732297
316344709
181583641
689599942
592546147
152806706
149420185
651212194
663899238
209354598
343077703
851302539
192134045
690664015
110711527
909339413
109289245
884303639
628444589
820733872
214378757
979505152
216421220
849212316
693688002
240582396
209129158
443584292
1411530
869529854
958475832
982298294
484174871
458464412
572077553
422668867
261186854
734786396
444735742
17286119
589123499
842977564
425071240
202576733
737574301
988898001
325531726
512767253
313421559
892282272
620333060
46521418
427133189
100117706
242560167
95483044
874009102
426663570
674580294
620632233
812359486
81619035
968720062
830830201
772947142
706907824
406148297
920820484
488799220
258972563
764356250
526188077
892342615
981280106
758568523
148960596
241396472
211428840
579364302
576212673
562246625
701036560
907880090
310743896
721542790
85030620
192013137
773887745
303543895
268567891
606401242
365786246
414376329
359443546
758471248
330109287
353902625
43933270
309201294
703442872
434726153
981626294
791733880
270028579
716414415
854774058
666564497
802152410
761573206
493697284
42535328
549330487
721413392
819401606
842585505
322342068
289057774
568339407
376249897
273163438
673996147
465604089
993812835
355222231
626168107
804767935
760518915
400204157
963466907
140881619
751644620
210466191
887224001
473665405
853500524
635883736
600803032
432575124
26072143
285408450
989432530
70024104
650539125
232698970
939321367
155583521
41359474
936021141
891046223
287387258
885630885
593276173
360108403
439488217
327353552
771962949
782719760
405982406
870483134
965017147
169597456
585797180
256767953
149950475
884336332
180353526
512927487
483006599
373826198
457269792
640222860
702909655
211244177
125864656
109340044
173428146
996746438
483371429
777970963
650523413
561874448
517543270
463765194
455464982
2129463
208418698
274767227
659643171
508053853
843386638
182255623
950876002
394309267
18590088
324462545
629448703
541833854
735684318
542979654
349562601
294866731
975188542
286086645
871408098
98784503
607747314
862630244
544979754
967448483
566918262
427719406
309964069
67089950
984020979
755125329
344441628
635084638
666777731
519400750
349727671
396524193
211295755
50120789
679035840
763811403
392866743
507905921
556659614
423777506
823650957
276172146
814379728
103762814
808712428
714212301
292175816
517201577
580355863
34061422
564296156
889695448
340157859
953502747
490699680
189818777
231021021
68785917
758051631
928890829
248831180
385752819
890735337
996728446
517499561
950696109
977390768
740068454
182409366
941773623
222688890
693199146
520347312
383878937
338981097
284591883
80243524
843911856
541992636
617898464
971796966
988656840
917028698
712270281
471794715
959962221
814607489
553073347
72890393
813468430
703392401
718421418
495013226
510963184
790600186
199848307
738353963
445596720
739959025
649552211
469388918
787460996
872951875
831422707
318901902
294675753
348337594
148097881
287653113
842078339
773671886
20464339
225769068
412225089
198839659
558722217
20125452
333400900
594083120
46508272
81007025
990747468
672576832
173348004
44668806
172706698
955612108
802552327
656241497
604592439
71357395
105137514
951297753
313944479
675278009
321181570
945767361
701261084
564380478
26065388
860491447
390777884
811296913
206336476
743164891
309552030
882339532
820261378
211863469
405856073
386721488
355863156
996772287
340324526
447011955
497236211
392294996
767417405
120722065
142437227
526756597
292991717
39389859
709570701
798982405
464186699
453431861
579021586
306074376
613189712
711614563
346604868
482289655
508936786
725919066
169236869
50625254
526176746
401268093
199424327
910610401
815131837
85167282
923009694
486129386
989817674
866632883
194449828
941205290
938661551
236487428
669557322
759762613
445954137
724929261
506565735
395432443
967035757
989307000
719593686
743897850
877102268
892406568
600333388
922831904
988132299
611969506
127154284
631137565
549713339
702939940
22844786
413530257
316947610
77926305
372518821
878459971
858807283
660475251
370165322
848778856
476937886
935840284
707269606
841687570
831736060
150038465
235452852
627381461
769370248
864491672
490720749
953382470
97434072
605559183
16063276
672943627
125575125
435271100
406746414
456905196
143017486
964189647
108817687
770958751
28189246
443338635
898348922
842992791
876289840
889695460
517400200
500257480
911451317
67647539
700804378
416809219
661177016
432091015
196900170
387579019
658984323
489043332
813701421
147495238
620002309
213937141
100904247
683285258
64166012
127295807
150610556
111193920
906596488
530569280
435080908
625673833
468519463
348929211
193811637
269226699
842937811
840434172
951008386
773533757
266687187
877295766
531250111
657324165
492368381
747785353
628101524
146075067
998692238
619887707
767172601
120435789
272340688
141745592
901962927
128748123
148381033
432962443
134081617
611112854
682899826
23897851
295370380
356621745
622235032
471326692
948519962
911376437
636479769
105393215
493177420
979713124
997951410
315590587
641616278
845834354
151351561
63030725
15082405
161546879
749070194
901683531
832678751
151049858
178314468
440669089
24058503
234098967
606253494
968298031
760252207
754187478
983831275
154780766
43961267
982167197
819231888
404509224
499735352
631980223
924023567
254426674
496915066
298674068
676258438
94392906
960318042
834490757
143712542
182949626
361802482
246764865
579940281
877947563
950006904
263703126
32256734
771006541
271524309
422282357
823626260
748226498
256449031
898012120
618281743
775742864
347623970
120140221
244014619
638945843
492411720
511954876
991404807
482224762
858101411
343697856
140678772
784257529
839216107
906395151
821663672
396712208
258052023
202371681
517262270
754994963
45535093
210183850
150913732
495034615
395581205
356714182
725699470
459652467
232682757
103256066
419362273
928176458
670407578
896659953
886437242
864970445
240986005
442265660
206073084
368279227
790854345
806119024
674406648
601732566
911970743
912985910
153950222
283783859
299899904
857509097
114127796
550894217
897289646
729064297
10297686
771006318
668560610
965881966
361927577
312425077
344621638
759036942
765147314
307374431
366730707
75774753
109302
290036422
590408227
810128602
7184698
4040475
645553210
152272946
393410089
837285483
847721226
736310440
925343744
10524506
836190720
894570140
366636189
216097469
807786293
278205645
871501935
305818664
606138673
316737906
305127249
59097724
941779500
963232878
303152079
482270275
394729670
718523168
218594945
271743350
727562260
996697946
853826973
390522494
498771533
116698989
772788449
832954398
584213326
171079224
489932465
210010348
418791993
803031020
661925179
858623557
333702354
495387346
262483994
803877997
313310386
116761936
505995530
608497070
471044227
323057465
268127409
446626691
123657100
945808536
744878537
586255442
123878140
548579991
113027143
241669386
747096337
988635398
559945178
778118815
144568194
603176342
68430243
513423712
381197061
939591207
524504764
795905939
526931216
331673025
711002863
139554445
986048790
470527963
864527792
88741521
679953202
351684212
202946739
288637401
404541355
149663688
170769354
453932434
665024603
653461077
812373187
58437936
431967680
390768973
39661143
483922299
975759468
288056839
955649371
944129881
615706222
1502862
800434154
449211386
214663241
298601640
290156726
862361573
810317581
843014061
27214114
48728071
101136991
750746925
171181161
355651572
600465167
1128839
610366588
428143375
936003998
581515095
276759433
719106526
431220376
22509164
369328312
844170574
336051295
722047059
206837071
858165594
939712137
1230323
175582628
450363872
712589548
207255259
751777397
77857904
84274328
329150914
86756135
479960187
585988780
983811696
601983150
906629893
673059341
66212098
947840751
993250332
166161683
975623119
936555551
941346123
938796942
710896336
753472846
264032179
668874912
357388064
835871729
749779085
917447553
477311466
189514273
197634089
753075566
457723893
403642980
815448910
98942785
204046569
453093684
926440205
607091796
514021561
622946871
308521801
283611794
546444969
1925183
983605527
381690021
473453141
167615492
986197728
508255547
107471408
726940499
364174010
803557480
748791610
23983368
607512555
672104019
733893819
572769773
927105854
708778640
901562239
166599507
644843449
263252984
610531609
395505455
396865805
436479913
686470381
449190726
186463026
58890368
463598101
430168530
202623595
398833882
579141880
54398542
580007584
997309833
462084688
666018482
21343538
920280159
447895029
934995818
561862770
457417359
27404221
401600680
446909155
795816386
740218208
140057609
370998318
714557289
21115978
883145145
853643990
982756506
427048767
232271578
98460934
301782367
357777464
64638207
606600987
714019362
896198065
501189664
123705919
632154596
204018380
622035798
756370539
685629543
438396007
769006344
598415068
904840927
425417096
531593815
797194695
800009517
424751417
649452581
156108810
702647084
141087357
311428082
708331110
440815205
532979383
952533246
726343434
301015246
988672548
758420446
541553436
455576492
866895275
299002344
296808391
129629724
372745118
781850455
172008812
971603797
611918794
670924406
189334665
26508065
521370268
823931270
690634257
804702179
25049971
387355466
101111904
485042808
519301228
824958161
2754983
896999563
410714496
382510496
654620802
291163488
708492288
298586364
892805336
769805802
490049263
534401868
100072215
649997026
219914075
950372686
877414263
767195612
925735470
462729950
626596263
886431070
523045779
128484217
915992864
268833314
484544849
771777894
4115077
658702595
751032917
286090791
982972303
894067288
161655481
239925627
905225216
93500486
596155330
190816251
51491692
200705821
498595069
690635646
650468490
738322217
79175406
567264885
891860063
569929753
375243554
798197046
163749041
956163427
416370313
39971179
507380752
453314860
27508754
280162547
682456582
175877379
324559381
138959850
328277862
109750195
390971609
823849162
411442123
636221380
564664886
942692805
950286722
384614164
712103946
582663687
310460674
590293009
631142440
442481600
761518142
563810721
161468662
545384319
267628491
349417221
939025930
337763344
163527856
477297573
943070822
152495306
631009410
369086369
836345457
269188377
247294706
202238457
758751877
371446083
402243469
829689132
147215743
331260946
204317139
472137294
3859618
449492664
410844094
899800796
199500124
487943140
919328624
202960850
524588979
932582714
223345687
607503959
766748151
581226634
568072783
621316852
768905098
27460176
703305954
862471338
124336254
954439548
181273082
121299833
961785676
404810322
736027093
14942866
276831578
914319525
775658332
277597387
268626373
236734658
420591378
305599548
380630143
774551749
705148684
407665886
488989613
672352454
39727541
500363864
160105025
375235429
310781620
984851306
152486515
569613679
26237024
20562460
575769553
705163429
606327721
570423475
759656730
658480375
103675480
192760829
511483030
763787106
801013727
901596310
245164465
543391419
777404452
548747477
599402430
299840202
926819003
503376655
894950290
519443087
768797414
863007430
73157064
17360159
12453663
125796025
506311696
82277155
764321448
646827316
741955043
973002994
108117658
971946973
832960677
200999516
436920009
940092799
711902223
514119641
534159562
772487640
681068074
80369242
620023231
753219834
786384557
391335978
705456051
605278475
537452645
329348200
579732382
518638394
792929580
69855766
420280884
585469010
70962610
702161314
184778643
777589795
245054410
474157765
892109245
126490596
764227117
931655371
968603669
445795325
599555094
997844107
483967948
292351957
819123242
576168815
202768790
464355185
61844260
803542354
88610409
12463355
684902166
48802141
257644190
335344883
374433563
398736635
157923284
867193055
411129524
739090132
485398057
30441867
545649194
483876445
403442606
397686213
767741797
757296346
16673592
570612978
152467220
758751285
707114405
36751788
943298642
71723195
56947482
939866610
811908612
25651248
950309159
551921877
61949463
756024478
823744440
171251304
370962935
374234572
228201771
54072862
515335546
713065762
331991140
761348697
678830822
64593305
111364792
864115579
729471675
948086292
449303051
712565263
882627271
821125080
87525581
827248291
736741408
974601250
394198619
399678101
826439049
961368535
202943589
641696344
231057005
681672061
384143517
618743244
6148420
800014767
890257764
149682945
447224730
568485737
801070335
690523392
151135797
616759155
772504364
688173704
655533201
153315846
835706079
96526942
177107933
916016402
735673541
798062167
478789951
437708523
123743649
716195976
293675320
559106853
40154142
293190743
546748546
594084810
184794563
447401248
476036326
425330465
469587569
113419208
697521223
696362067
512317885
820865252
125506556
607161284
371676979
119799
3783335
550568488
150259621
729412294
742341594
204863757
726529980
760557022
61991705
502641785
765274352
632968909
186468422
486501274
978758747
740039353
122681620
551855573
434056307
809687652
844889124
515376923
922148532
261130694
893656665
685578780
6285978
803168671
561444488
762222887
638137730
728482410
149561568
699087417
132046711
310202792
734131802
781416510
212762444
54569413
38836105
395035960
783548545
207148854
398387503
455456773
770072035
509533322
865575961
166545380
174626397
901143770
932451354
271129114
219779777
432634177
906485788
317446846
359843810
345743380
858802794
622121218
39773927
206423417
588284847
47306131
171482234
892782480
990430737
765487531
295860262
701858032
214462204
635323085
881262540
387839366
922811185
335563365
737751578
76731258
854487308
279347685
924215602
248019536
155248289
606449927
611329888
886392396
295318650
864460374
801894505
596589276
219743630
770663406
955247408
819561261
755457741
326645953
524286566
169365661
978792251
197217792
280921341
765715247
277743699
268793991
55175375
593835438
308803073
479945847
444845662
464293630
273505944
94362791
354472390
117637116
972639069
25347793
911826348
432333278
592934437
618640874
496151391
6569808
566652256
692758838
556301594
902919094
726682058
142191754
651058885
70996694
750536960
880196112
940831765
961403243
376513264
144333874
508812062
390305165
991897113
897563882
812402833
660637577
797430174
87673711
107123831
361203198
187840574
31767816
655484953
736224827
834776019
196103618
84817135
389400905
135731077
737679677
1000992
988919527
717158564
521376408
283933840
794981121
151192939
399951269
13266822
493855190
953647204
151148859
265604971
557468886
271499911
359481524
738807641
72243338
155045272
532678050
743062553
8139597
197302215
408105095
173631290
954694639
175480787
470121819
146757948
911461250
936228477
927322037
262375918
635301543
653855100
179933950
296806379
399602342
92511606
144876615
793929743
653442537
607174505
370395301
442691467
564230612
93587406
307584537
634684433
567444327
765969437
907595671
190590774
124899516
78370548
181252933
794111956
933887352
876226839
455597626
141787740
18478544
203949763
324472451
227996126
751527493
718563849
20893891
693840974
896027138
735997484
264410792
363818890
139439441
138065497
973610041
164171124
147456442
735094034
647229089
687085996
568301194
558129739
861683208
43180957
42792317
468329284
575413100
415365345
938443003
121727683
183955930
211204718
920495328
340339295
836681684
958294539
232554048
135670443
866981748
561257416
992444196
186713055
742875787
514919526
865131440
915725425
14054352
798748727
828064595
675424999
25835950
642932871
621013433
528611666
395546724
501612168
352655195
580008756
10654911
756394169
693339295
6528202
615527277
454784799
833357775
980918501
875960994
135524976
399123698
583339734
114338511
438232042
578270143
730914475
613852840
545577929
876359702
532461247
605810294
928167349
293722366
290848539
807160118
615046321
148320147
497395926
974553977
760707349
114554122
131874896
230825956
218987200
662706771
478861113
627899374
112132718
5248901
122960843
248038724
212424406
432659087
146501875
305850901
950800797
916406266
782164660
206184688
758222056
238701100
824714337
96672279
675352716
851445422
447689092
576588730
757728965
754875977
207785650
453647169
852492834
415086971
846254098
598107741
903284946
705637816
164965960
78428277
150698752
408167899
120266309
56627340
786539601
775164869
416408064
832040150
534834115
346289527
826216253
189187451
798752267
43587593
254572200
878155279
53438986
59867204
796457447
290111250
226139341
533986550
344701209
244601355
484370777
441120191
248747961
847422959
346054620
275864407
207454981
799373211
489985736
535676072
741794387
597747537
304431759
43093185
857864023
864142680
658156272
674021762
938358821
932372668
716328900
578528505
948600809
121714484
605322369
99153931
947772263
817204222
157691676
801484206
497977036
662201240
581560213
362833199
728226881
674038705
679704983
411447384
69682169
421454371
551346344
341313094
410773714
953545013
819969928
428719259
318247485
601150516
970995734
128425841
369800828
752831729
757968336
956737737
552775233
69548439
731657898
490935132
965100257
488002065
244668523
726469901
353296732
921611352
92072814
328326239
973823794
830569265
952407447
696365714
701499950
276924447
289678140
48255339
400878966
280039374
638369663
115955010
774550752
963323265
876540866
152617834
606292429
809208746
281895900
144820735
503144982
847619899
596094830
471443306
518825786
630418375
920750507
713687604
827538974
200561814
833595829
488442154
629676766
233544134
503689201
994421167
295183483
165116722
578649464
689997572
411228619
96585701
680083466
152942298
660825666
61566005
163372104
789110364
180719730
420532140
710013669
697608318
416998089
157395788
855824120
328416621
184742901
117786852
856938174
648126374
445086990
455005497
298412053
639358234
622889341
254222958
240890108
126874784
484000361
243066063
186707208
217427258
86873388
985983767
268736212
933541569
706028332
694300470
49454370
65359427
366560075
41283618
769922545
257465750
793342538
22222711
266949825
804515909
655794369
430304305
636477877
311828817
963043131
75678253
4873783
373112215
762519281
831821739
951327600
933460216
902920434
627722705
836419744
457167232
962875812
929884283
46266428
420147767
795331246
856272662
876352724
401566476
894847245
229680706
644869188
244222828
926838301
653138892
631233605
858148896
830486115
86463872
631861080
386783867
520433253
728837185
573773199
421776555
231019431
769257767
42669203
676535406
842788198
911276844
493266264
979830791
173791784
265567657
861608942
417169664
941376582
306322536
32078711
538713273
623151588
619270945
141324164
723064720
973563868
474191777
534746800
301140610
911648820
605306300
440441403
658605159
439844650
960730305
491274811
122709843
230291955
459562862
804610316
568501619
982765184
994363261
195950494
181625980
355770761
489786876
603318982
407512302
7900683
887753408
943401378
469360858
991758332
236973752
391467209
535704034
124589243
150215577
305313749
973308646
762293921
606512623
840380311
675454471
154627828
156315848
873440258
207750567
684724409
898652054
600893879
57837707
368013104
733435001
828917913
515409255
408489158
255552216
966416682
848075399
514657674
401598268
782540590
279942253
814595537
930869952
866436549
72068507
931792277
130367663
763002055
122550126
531200680
766379356
661942731
836112620
782770446
717623253
53806047
183063978
461984525
848498212
173843598
801513988
767826522
858844303
819804369
737070519
364289595
674751065
753422231
700560113
841848328
282059143
753888209
418368157
3630437
264524684
123692090
500956628
744668971
805284164
886216120
847673960
492217213
748681719
267036803
184459357
61023546
381465576
15234175
399416463
650207500
618565724
641355438
424521861
501564237
80189607
207473601
205201843
902165760
182679698
953218375
784572339
123471510
552168593
705106105
802457101
133562925
613078589
769920306
120516017
402299419
477142340
542742429
673840208
209553626
918260864
133762152
528348896
824996684
857595018
868469182
339746645
530055318
596562425
452370897
709953445
11684781
100975485
93197485
795583482
369371949
154294585
113835763
787196881
311020446
646743649
610531475
107465309
444468942
518224535
272377501
501983067
869834175
801126863
48501888
241866489
391773925
839402923
878964660
44631006
590784050
937654785
573532651
893635808
640784810
215863197
405791669
470724457
597579586
430086562
328212829
795294745
136383173
15236338
562931660
61935405
552112089
709807645
145293740
809309350
852405474
68921970
191228180
846630275
599063985
414817091
972279713
770805800
92839602
117687974
216112701
171972918
377311909
258228486
150870936
979084855
662421819
38807585
305273707
789566189
170478116
674591039
322120694
791854324
916898048
879429743
869175182
101823073
445639005
621904390
283339166
856459613
635638950
168826154
947538998
144188232
306436495
615000937
944223491
200766610
714533716
716290846
363737841
801626773
818782743
138951116
727168307
740818823
45224611
780125244
99757316
605510789
214683158
581181806
274907679
668625106
218838725
475599066
582682429
601566920
987051347
430489231
813620921
560964706
81426341
332965314
697070662
279968018
968765773
678152203
512095979
650515638
237300450
592561438
340181436
445355847
521666425
539105466
315143594
297180750
585338767
644300428
97256979
574623401
880859999
665954908
990819765
518308888
927373350
140694017
847154648
715827326
351771037
574878805
572041443
462267214
434266216
80610962
814164210
439843942
707738275
256516855
956482812
71819783
560847534
887844554
896995239
496224553
887767670
494644334
805396792
594226981
366436857
764916430
224218116
475740997
539040996
892972958
615740500
336058741
815176566
64084006
114110116
86792307
314095719
723503992
602653779
206086714
683850736
68699988
420587307
199799564
350788223
156084706
315372224
707158806
968287111
327795896
945449688
132396864
842525872
279163947
471412118
291108567
96181363
4501829
7934714
750100511
40614774
422036249
328898471
964431377
928398825
975112265
421112814
24748049
297482927
7509256
808619280
786851678
792506600
418262918
476496689
915542371
964647516
549398217
794151883
744004371
293736087
58379481
140354610
728661473
244607812
202216469
424050008
34335083
436481397
625481842
855987279
900628589
70947502
989770567
839604615
651935485
437332607
83361919
138148863
888465142
960068876
182973543
864120808
677231438
744370055
121990623
637867988
738017146
308229713
153180800
589501259
714002833
800776146
264940698
484990085
690993649
973349737
200427504
513216615
666279647
442980102
803260409
251388432
284495482
883142284
502171704
138869339
61409901
565575409
820607511
217339314
462828933
532868375
461485171
143516372
31393125
303949770
340475126
114716272
688824096
188661055
324973294
830560268
375695175
23741934
352375361
503443249
588533816
847065844
855983020
787073638
861068465
490566819
997337472
874067221
730985990
762023153
412829278
830599776
659239612
142995418
307038962
964647717
127277462
740645943
346137385
706506126
420687843
375535563
544857216
36057248
371586845
587037920
495731058
543530891
716304223
939689972
588986844
867023364
355711444
971176068
872456113
240399509
859220103
194562134
168837904
264753242
263954393
403530083
694553980
169889629
657115653
719195852
99843982
850816109
641278486
119642314
971220483
820276661
