344572260517243586 556335016045814511 448538222109735836 783009714676670839
793606742360588912 404296960669010991 200261794571078880 944698625243660122
633476229275694048 166805685168208862 632033421978153250 832718514186219727
203666362991699697 87036239247913156 927560389751287989 927339062617164695
679406653345541105 529252768852338333 739217174558550902 567302443515819375
90444359500988758 940772806516255548 888903212444661626 474070564846100910
275402561654666290 922177264994908989 491288918148239287 672547065956638693
311235537540589967 607544511619390928 9955550735317467 973922128199386556
455277332009735682 739037536237445250 416868410411677253 707653682506348727
510198245347505820 847153250620021392 371820230027242404 162123117861248622
520441590504325427 578200233306265136 973098930127414148 646194404947737193
29236057454168422 109350404717421106 462388936287781590 599575634382411994
23545099329019814 309769309826866967 797194643218683227 189717509409333328
342774425922831275 512527688680292559 185372776819497416 618178045321275035
569440793805489274 11087653228935279 591740824816131652 260584912210659280
691734288428942909 837135027575406930 117339451465541471 158335746111384912
105285001425835968 138795104100175105 983161551195930844 857131246255964982
449919221030094701 39918385818275155 971142806611177381 454044940749315905
242228853535791349 922226343999801592 519648289781855343 507499996122768901
38470080403231498 359637009208418761 276546882646690169 179470809792225300
23328971623677381 507566556303409970 720213113555896257 842854388289675671
351309239301695308 848281343415267657 448754736265918869 573594879206052136
504671751538850339 855192535996299056 32940038553893765 994151099874535450
803570376202977930 114354575437890688 778574111075370803 214155941609631476
231876823759350830 525361920687781896 125149909228838134 382103095506503094
329936953474629586 9960291955383836 927942632289886268 934841818580784672
417893192740656624 271327803417969492 379372651375849824 646440730479336097
123939968267213213 31064986663461162 241860761643741210 408610926885723873
305084341064433467 150226367709534004 466707164075123243 451517091162262671
19229594563168767 524776656331840496 983111170172856641 348381191586618691
550020553820319247 969383567747926959 969530725600626553 318966534542959229
516854182236753860 280836515292259712 459399559827540267 753429427391916812
799094649292059134 335978530023892945 291568920438187514 963907553936540100
583478364820287811 943188473575167824 728260582461552647 733814565426790505
287375129622963117 103138284670871166 777126430062857574 518978129350833162
233037686056888018 580021482810729002 412985179254631 519928226236587437
91568669599006686 333196695007520840 690654064891928934 582959653439452066
336000138139076693 266409625415347535 268367955860747247 649583148243561343
37911438448155309 131895404661749681 629497227197017230 527484217597756253
40834069386326617 905195754598845223 539662107023411582 720851184931090106
192653088574213442 291960590541738530 599155141979810814 725026896376355790
144221938540656211 626532804814736400 678972921381709910 495047658613825485
786508731875120094 441433916271531888 155670680727505541 232986156753344861
532807438839882225 336633767885660594 304591468894366212 700939964417309417
447415165922170197 517557749804847628 313488388022450560 337804298980563211
851641636388355849 455142767939128344 937191469871102910 132211785259025640
776707057477341018 144845015149337823 609031355203461345 502912988769037515
648368364488072305 45013676907575485 320328145048338329 248861914450551390
852864319325160573 980012860538686780 6173287598069187 695840069519364594
940096272271353850 973482374613013615 873634538269386375 689476640869310861
445262462167564751 499694113588778166 704970216812907975 471524538392811365
600799261067215726 262175613203838810 635545684360740276 793995475958096293
78343799197797317 984952905148708000 782672853830822374 36098782305571956
512286616577676220 49129800921098153 388480270944968956 851806351090662132
940917268595024063 877376930581735622 680563861919052270 448009112777222311
410952698261773931 391073741531464338 801816270426988288 355138619751949811
941983350495319641 706630897557481236 250425024142990906 607480255506640492
574777544848314471 26029768805228570 266750823957402648 569796983502809547
190277226795334598 245501728876959756 807970699251953165 862588468492352027
236198722858048282 693858075063630427 369996953812018351 502654806207045033
74284714422372401 178908480075593723 118766480397316223 431546906105543717
970313535052276495 347435303604329149 175926004842784065 467519766223446466
798705991012010604 944703224163117225 580791273690069050 278752244147011187
428744531668904831 454379801575334491 787776733607421536 720826751507466641
611405880154347447 537704884464970495 65707066370836689 33876337439736417
424693551018906929 884743116550699850 186091807740046126 717374121155033947
592601944352895086 190180432169852401 207407770496084088 932220624976020464
517732203452477586 553138627528603489 948609960522604793 820819904869604033
679615397978979311 315117183060405225 190633765969139049 906250399307080607
526678288482933451 144020472061060828 682211547868530440 993949912219682341
776834010062658702 659400656465194048 813413270164296749 433212559923198259
855043608713306034 570131111414286983 897410987027193907 245257201686788989
998275354088870140 923983690165774515 303341744220639140 801689199466641782
611752741077071712 419820640587618614 277100859809615068 954604168454948159
345995967887098978 98521407799480449 101371723373524357 484861163261252245
846434665802444984 864772450771739439 967627162943301468 147175769893238054
150545173089025508 122861536141334227 678083264291374311 263492917753443707
921025924485048077 479242981238158961 354940540140988246 937211939925988442
215697412537544846 328989554627595377 311143326403468614 821278731698671100
787960602918377718 10088884977952592 978899020401141147 239762980060736545
112083129544367959 886369197716761052 708274093774429833 625530890693918537
634759623057199754 614331423589520714 653993573069486336 445737678892617886
253430523518762498 35812931616958649 450946165581380455 411530052092540961
319792152992824513 243585989775723567 623257475385237633 226636642815450757
357801177188252307 375765066402515705 111139678639264754 981627055411956101
972635297069922797 591651024978594239 627341137555792797 283627357160678069
818352508068655234 242739579368223770 532754529674565144 287180715236280403
442228567424794459 206159094567641764 204507622837615389 650601688657983966
185253133983551597 605780253299429212 541761951478800728 472803377717639345
160712749479208860 480865720606894511 645382440181455955 763397656521820831
8648930393212861 269423513839614381 204456410127341306 356275853812172131
334328361135730668 810618157138219043 11438278945565071 262120219665224505
832262530878440306 882407968471250742 427488751437666614 822913004072488959
855470462049244701 675632988623172206 827264032391936088 132557200726727627
922680789657625940 596862113194413147 610043945937513276 901883919871790964
526061696243996815 421128340020716971 197184986160528683 641150136448311174
360502661719632514 488813124419991079 882780914873293480 149794137115653826
574912778987670875 777770537441226918 141600803162066195 914458296459857645
334241381449248270 726335700284158502 438089466411195953 65439408142107341
584626023596767648 929485738210909465 370352542164128743 484770953516545863
