100
6 10 100
0225972954
7730807689
1901852421
0538097005
2311260519
4820105044
2 8 57
45697113
79791431
5 7 95
6749166
1826975
8669852
1773961
2015238
10 9 32
454226933
590897777
259796808
655443490
551350888
798598923
562088668
735135288
699104662
724319055
7 4 81
2461
1175
9410
7264
6660
5125
4151
7 9 66
098427608
931098318
323273873
388640741
094943574
372215803
226670888
9 10 85
2919520406
9028398707
0224170697
5299813669
6684134585
2775120334
7348669921
0803269549
8819053019
1 3 11
273
10 1 71
5
7
3
7
5
2
4
0
9
6
8 4 20
8797
6674
8534
0550
7538
4365
9979
0725
10 5 70
79179
81549
32907
05216
50861
46242
97805
26799
66653
24711
8 9 95
141474287
101938679
064662354
866804178
133247434
028851476
083928542
506687626
4 4 86
4345
6272
3849
1467
1 10 33
9021883361
5 8 48
08586455
85462080
76214828
19510856
08165097
1 5 6
89429
7 4 83
5712
7678
0157
9332
5875
2739
1840
6 8 42
50211797
21579336
16569334
05282928
03480295
26461756
8 10 89
3317935661
0738912114
5045896095
8544784434
8556348874
2170051767
3329110505
0160438096
8 1 38
5
6
7
4
6
5
1
1
3 9 39
880638993
685024785
853345238
3 6 8
447765
014355
732711
7 2 46
77
93
67
20
70
96
24
9 10 43
0001360516
5472246759
5200711558
8291592298
3471876107
6636695012
6950385197
1382144219
6524418908
8 2 70
81
95
73
21
50
32
39
18
2 1 39
1
7
2 2 99
34
63
5 6 28
324408
402803
311535
741649
344664
8 5 10
70299
01375
60351
14291
71957
67519
06441
57829
9 2 94
33
96
15
28
15
33
61
44
62
4 9 44
147818810
131156835
678828558
316255508
7 5 92
84179
99350
61119
28715
31099
17538
89912
6 5 12
07795
73651
68136
26718
54250
07992
2 3 18
435
980
6 5 67
21305
71268
59184
85864
53046
74186
6 10 72
0851779191
5860320997
8595764724
6459748800
7397073676
5224919739
2 2 21
17
88
7 4 18
7925
1967
6817
3018
4408
5995
7810
5 4 48
7588
4902
6439
3922
3091
8 6 2
381011
710961
244386
368436
127333
712497
437970
495088
9 8 21
61664543
12013857
43133114
24016036
78457377
80536018
01186440
79136169
00640508
10 4 33
7691
6281
4281
5643
5749
7939
5327
0795
3838
7569
2 6 60
675468
461376
7 2 68
58
92
23
18
00
60
91
1 5 16
10765
9 7 35
0924582
3165439
7583092
5426931
2502157
5325033
8531274
9724817
9258218
1 1 8
9
3 3 67
428
093
630
8 7 79
8560725
3555753
7035188
2715506
4408590
9970988
0149434
7820545
6 3 4
160
646
512
597
764
336
2 2 50
29
15
9 4 22
5577
2117
2895
9843
8862
8425
1090
3915
3784
8 10 65
9849687843
5479326418
1210930329
7693606030
2545640878
0769921963
5216332143
3549672165
4 3 27
432
346
087
366
1 9 83
932765366
4 6 21
286886
712561
493472
079215
8 1 5
3
9
6
4
0
4
5
4
3 2 29
09
59
41
1 3 69
082
2 1 51
4
8
3 7 95
3852305
0506207
9427298
9 9 74
284377075
530592497
689597688
599104995
067990870
206719931
412990518
755763916
543686653
7 5 9
62738
30433
72859
68216
36958
98589
66204
7 7 43
8617903
7638509
9874471
1476355
4045990
9990605
6180726
9 2 87
70
28
53
25
47
87
26
92
45
6 3 83
704
102
036
115
480
223
4 10 62
3669661989
0254222994
7355416238
4810050160
6 9 58
719526585
350639457
161355230
016796885
870969290
703395488
1 6 40
929576
3 10 67
1965533133
1161091604
1578224909
6 4 28
4261
5913
1675
1660
7198
3639
4 3 20
141
107
256
852
6 6 57
696995
140821
289829
009871
905944
694413
3 2 72
48
04
04
9 4 90
5316
3614
4170
2822
9174
0655
5464
2819
1569
3 1 45
4
7
7
7 1 20
9
1
6
7
3
6
1
8 9 67
068184515
020715852
674166108
771899507
497824884
871292997
500988701
096337862
1 3 16
161
7 6 81
013560
684425
426737
140829
428173
951727
105938
4 6 9
303002
106381
161906
708194
6 10 87
7206807433
0545023592
1151969227
6320695172
3089914296
2927747147
5 8 73
99148564
06093104
32815447
20837626
53038575
8 4 43
8526
3984
8992
5852
6212
6963
3054
1291
3 1 60
8
6
6
9 7 63
9586374
2005649
8547809
6547107
5486383
5982556
3880309
1280231
1905325
1 3 24
371
1 1 48
3
5 1 78
8
6
1
9
6
6 7 23
9367983
3631213
2529780
4971358
3260278
3161217
1 8 69
68281331
2 10 33
1511701377
3076799091
1 10 45
9898495497
1 6 7
189871
5 10 74
2350407074
6917317820
4335862797
1123539047
7449727738
8 7 63
8591124
8434607
3077375
2034074
4783024
9864024
4296085
9677553
2 2 22
16
51
4 10 73
7277727084
4715114732
5133365231
8493796738
3 5 7
33218
71503
13770
8 8 42
33740038
17331070
32030508
79277165
77076178
92642180
66634812
36676388
