50
200
119 95
172 119
200 95
43 200
22 200
40 22
101 119
161 119
108 172
34 40
3 161
140 34
8 200
122 8
171 40
7 200
100 200
75 8
110 108
175 119
164 108
23 171
109 140
104 34
6 161
168 122
153 122
39 175
21 34
132 23
41 34
27 22
151 23
20 41
199 168
173 172
150 34
76 200
51 200
146 43
158 95
73 22
139 76
107 39
157 119
155 107
116 101
117 8
46 119
83 157
128 22
177 51
179 150
92 158
88 158
1 3
13 140
11 175
97 150
85 46
77 88
66 171
28 23
86 108
189 146
145 43
18 153
82 150
81 100
72 66
183 107
37 97
180 117
125 46
49 173
79 109
134 101
10 151
184 27
167 23
25 200
48 109
59 25
42 158
93 76
4 27
121 20
111 97
90 79
143 167
185 199
147 111
36 150
61 86
64 200
118 167
123 61
198 180
45 82
2 88
78 164
68 155
53 93
102 61
5 88
30 168
35 122
136 75
96 81
188 1
127 140
80 2
69 172
166 100
142 199
112 151
60 95
19 143
87 104
135 153
62 22
26 92
178 59
196 185
138 6
186 196
38 59
191 86
152 177
141 40
113 80
194 27
71 143
130 161
165 134
174 77
63 18
24 75
32 111
124 109
169 165
197 34
57 101
29 46
131 27
15 200
106 8
129 179
115 34
190 180
148 142
9 106
47 164
156 138
181 24
84 102
31 189
74 68
67 152
65 18
89 142
55 63
44 78
144 146
133 49
33 111
17 69
98 100
160 184
176 131
193 147
16 122
182 31
105 124
54 51
137 200
114 73
192 11
91 118
50 171
99 184
14 169
162 142
170 178
12 83
56 153
159 72
120 189
52 111
195 15
163 42
94 38
103 37
149 182
154 22
58 28
126 141
187 114
70 81
200
124 58
53 58
108 53
18 58
34 58
180 124
140 180
92 140
76 108
47 140
187 18
2 180
79 47
64 76
15 2
72 18
131 34
52 79
25 180
26 124
125 64
186 34
12 47
81 125
165 108
130 187
168 92
30 140
188 108
89 52
68 168
22 53
153 81
166 34
36 68
9 26
82 72
133 52
65 9
146 22
143 36
59 81
14 92
93 64
107 52
183 188
129 68
98 92
147 53
113 22
75 30
43 129
4 75
44 14
173 108
7 183
116 180
104 4
181 89
35 14
152 131
184 146
6 81
190 93
39 131
178 76
74 147
88 74
138 9
127 108
86 89
100 18
19 131
117 34
27 187
101 27
154 183
136 52
84 147
48 113
103 4
155 108
5 7
80 19
145 104
137 116
56 125
142 92
16 64
170 188
148 155
198 187
163 82
10 173
90 68
13 6
95 72
51 93
199 89
97 125
87 6
191 88
49 30
144 35
8 187
61 97
177 188
45 88
158 97
60 146
32 56
159 143
196 186
123 10
50 166
156 101
149 196
162 173
141 50
122 58
175 61
114 108
120 27
38 49
126 81
134 125
29 165
179 18
197 5
67 25
71 101
135 7
189 8
110 92
20 6
42 146
132 104
73 75
85 9
161 178
106 68
83 56
96 2
28 145
182 29
102 4
1 106
63 113
195 122
55 7
185 9
193 132
11 34
176 82
112 104
109 22
115 162
24 12
171 74
31 53
62 155
128 88
151 182
41 112
194 100
139 151
69 107
33 32
105 110
200 179
192 7
169 28
91 47
78 93
57 10
94 98
3 39
160 76
77 86
111 86
21 94
167 183
172 159
174 103
37 106
23 141
66 115
54 60
17 125
164 8
119 41
118 67
46 122
157 114
150 10
99 9
121 113
70 167
40 148
200
137 59
62 137
167 62
129 62
32 59
179 129
171 32
60 137
139 167
200 59
16 139
166 16
199 139
80 16
120 166
107 200
193 107
118 179
76 80
111 167
45 80
138 120
164 107
25 138
96 137
160 111
93 45
128 200
152 111
157 137
20 179
173 193
72 129
37 160
162 60
83 164
195 171
69 162
102 120
39 96
43 39
64 138
31 199
169 39
194 179
155 160
142 137
55 76
58 102
130 142
136 111
104 193
89 194
63 89
150 76
165 32
28 37
122 59
14 162
189 39
185 122
131 28
35 131
125 185
5 160
158 200
88 169
147 16
153 102
106 142
151 107
123 107
78 20
33 173
50 167
52 125
178 165
94 104
188 33
119 189
156 93
127 194
24 64
187 111
145 164
170 28
54 138
91 20
103 179
181 155
4 43
57 158
36 166
105 50
176 93
42 105
134 142
116 165
56 37
34 195
8 119
180 105
6 78
46 142
12 34
191 36
74 20
114 78
100 69
85 25
41 147
168 188
38 88
67 5
115 4
112 37
9 170
108 139
44 194
177 57
87 136
79 28
192 120
140 164
15 104
51 9
49 55
19 140
124 137
22 105
11 157
183 45
86 89
110 78
198 128
21 36
61 39
65 192
197 100
133 80
13 105
71 38
2 41
101 67
84 71
159 104
132 125
163 159
30 38
99 102
26 80
77 114
121 177
10 157
47 60
95 89
29 155
174 54
75 43
53 176
109 123
98 193
7 158
82 93
81 183
97 107
126 77
154 78
148 91
172 84
1 65
135 85
196 137
66 106
143 80
92 35
175 91
3 29
149 20
23 189
117 162
68 51
40 135
17 119
48 193
90 157
161 107
190 161
73 152
27 158
184 104
186 120
70 158
146 75
18 46
113 171
141 24
144 163
182 26
200
20 107
95 20
56 107
199 107
114 95
143 56
28 95
6 56
116 28
98 199
194 116
148 95
52 143
111 6
180 148
49 98
176 143
151 199
177 28
97 52
109 114
99 49
118 194
174 176
193 111
37 111
55 107
167 55
58 176
64 109
139 107
200 58
42 139
130 37
179 56
161 179
66 64
122 176
79 20
181 194
117 64
43 193
170 151
71 97
7 64
115 37
195 98
165 181
89 115
198 180
69 198
119 174
4 109
155 195
158 58
83 79
169 200
172 42
190 6
102 52
32 102
157 177
9 37
63 139
3 158
90 97
120 63
128 71
82 90
183 122
178 198
53 43
70 170
45 165
80 95
149 116
101 143
15 130
152 98
61 118
146 115
134 43
162 172
41 4
187 149
126 52
11 143
67 181
75 4
154 71
29 58
46 149
197 187
17 99
13 3
173 82
18 149
129 45
156 174
31 118
35 90
189 7
78 79
164 139
110 195
34 198
87 152
104 95
96 69
135 82
30 96
141 157
60 129
76 3
123 13
147 152
131 52
175 102
196 189
92 102
24 183
12 183
86 115
127 24
50 111
74 129
59 32
84 11
68 79
142 99
16 180
62 123
38 148
113 111
94 123
27 156
5 92
73 177
65 3
184 152
100 141
171 60
150 119
168 175
85 123
93 169
25 12
132 156
192 61
159 109
51 187
33 151
36 18
44 175
160 127
133 13
77 85
57 176
23 52
136 139
22 94
14 110
91 167
26 161
182 149
39 189
2 99
124 99
166 122
144 49
72 189
191 59
1 28
140 92
105 61
10 159
153 124
137 159
8 63
106 102
185 119
48 154
19 154
108 69
40 166
21 43
188 175
186 41
54 199
138 60
81 107
112 130
145 140
88 76
125 144
121 180
163 42
103 50
47 152
200
80 62
38 80
75 80
25 62
171 62
53 80
122 75
79 80
8 75
49 171
4 122
186 8
44 25
52 186
100 25
147 79
27 38
50 79
43 62
19 43
183 49
45 4
77 45
86 77
6 50
131 52
168 171
11 53
139 79
182 43
78 45
145 6
37 52
111 52
162 8
13 131
85 78
96 27
102 183
33 162
143 45
106 186
58 4
22 182
189 37
56 25
12 33
10 182
154 8
15 86
32 8
150 96
141 62
132 52
68 85
148 80
76 96
158 131
5 75
142 189
185 77
178 85
137 53
128 13
64 5
42 86
67 158
116 86
177 143
46 33
181 50
169 182
140 42
176 186
82 46
115 158
159 32
120 4
180 80
107 169
89 62
92 44
134 79
191 49
174 178
99 75
160 49
124 33
29 8
149 145
23 27
164 86
91 169
74 102
179 22
161 169
59 27
112 46
26 67
65 148
135 185
129 44
9 49
57 25
72 4
153 11
51 78
66 59
104 150
48 82
95 116
193 100
117 124
84 74
16 186
187 134
125 62
197 128
170 74
172 48
2 13
60 26
63 76
146 53
121 9
24 79
103 27
152 82
194 154
97 86
71 121
198 11
14 60
40 84
155 146
118 23
90 139
126 100
130 33
17 155
166 43
47 12
39 23
88 140
55 174
175 106
81 99
192 125
188 92
200 129
151 86
156 90
61 171
73 60
123 74
21 97
18 115
196 154
157 56
163 132
109 181
136 52
83 145
69 50
144 111
184 52
7 40
173 171
3 130
138 44
165 80
101 25
190 23
35 80
28 158
41 180
36 165
30 102
199 146
113 164
108 165
20 192
87 165
93 168
98 77
34 163
54 158
70 47
1 134
167 72
94 69
133 92
105 13
114 130
119 100
110 177
195 173
127 160
31 148
200
14 60
15 60
87 15
134 60
116 87
196 60
113 196
166 113
51 60
146 196
101 166
174 87
165 116
198 146
68 174
189 113
139 196
163 68
5 87
17 14
199 51
108 134
171 174
71 15
44 134
106 60
7 196
149 15
112 199
73 198
62 60
98 62
187 5
46 199
182 187
130 87
169 174
181 166
47 181
82 169
53 199
25 174
18 166
13 68
69 82
178 174
94 165
16 163
143 87
19 116
84 199
122 143
132 18
161 112
54 146
50 116
99 189
162 46
115 108
104 98
27 115
8 14
41 146
164 182
61 162
97 15
31 41
102 97
191 162
78 143
127 99
150 191
136 166
176 87
45 27
110 161
85 174
6 14
179 113
190 166
186 51
133 84
81 19
123 97
40 104
138 61
160 139
65 174
96 106
175 40
88 178
153 106
86 87
64 54
38 108
119 161
93 171
20 191
120 181
145 97
172 161
75 61
26 146
36 127
77 20
159 113
200 149
30 174
155 182
129 176
185 27
48 20
70 98
95 14
109 146
66 110
128 5
35 169
57 153
105 187
91 97
142 53
63 191
158 40
12 62
156 12
22 66
90 61
135 112
148 176
2 77
137 87
183 136
192 48
28 96
111 46
29 102
103 29
83 109
177 166
197 90
107 91
184 190
173 105
37 122
194 113
152 83
4 75
126 70
154 51
117 182
121 145
24 90
3 112
42 115
56 82
74 139
168 51
144 84
151 174
180 69
32 81
131 143
21 36
195 152
157 163
58 94
80 108
23 127
118 107
167 83
52 118
124 135
114 184
1 162
49 186
55 40
125 42
79 24
59 119
147 123
43 194
72 20
89 197
34 132
11 16
92 38
140 116
9 156
193 36
141 80
100 73
33 8
170 190
188 189
67 170
10 138
39 179
76 154
200
65 42
2 42
137 42
125 2
147 125
10 65
192 2
155 137
32 125
49 147
86 32
194 49
171 2
109 155
162 2
64 192
168 109
53 137
148 155
18 155
12 32
131 125
170 192
55 194
38 86
144 168
9 194
101 171
161 101
178 38
35 9
74 162
175 178
136 38
135 170
159 86
158 168
51 2
19 155
4 170
82 158
58 194
84 55
76 148
163 158
7 178
11 162
3 32
165 38
121 55
81 55
30 125
99 7
153 82
130 192
146 175
56 163
5 64
43 146
176 2
167 135
133 81
177 4
187 42
152 56
40 171
154 146
118 146
164 177
172 131
59 55
110 55
128 10
196 4
123 12
141 153
44 147
179 153
142 10
21 65
124 175
17 21
15 146
139 3
23 5
104 99
151 196
157 110
72 55
106 17
174 23
57 12
149 82
20 174
191 10
143 174
88 123
75 149
1 187
180 32
92 155
166 157
26 118
115 131
127 4
60 51
199 162
97 59
156 127
100 131
186 118
22 128
185 131
182 121
41 92
195 86
87 168
68 128
73 131
102 191
33 18
34 49
200 42
27 17
112 175
13 115
94 157
117 128
29 64
103 21
77 99
69 87
67 157
31 29
89 130
48 165
138 133
83 157
80 87
62 199
122 185
79 164
113 106
119 26
96 112
16 84
190 101
78 130
36 158
6 152
173 192
134 117
132 135
98 81
24 78
116 158
25 121
114 113
50 49
120 121
188 83
140 166
189 4
183 53
184 187
126 159
70 167
198 168
145 62
85 122
181 140
169 134
150 92
46 184
8 29
14 36
63 2
105 134
93 67
129 11
197 93
95 84
37 62
91 49
61 109
52 100
66 72
108 142
107 82
54 184
28 125
39 133
160 126
193 96
111 2
45 15
71 28
90 155
47 99
200
56 116
59 56
5 59
155 56
57 155
66 5
52 56
170 5
7 116
186 66
171 5
197 186
160 66
126 56
168 116
179 56
18 56
135 116
113 155
35 186
65 179
10 197
102 35
139 116
153 135
132 57
158 35
163 35
90 171
95 65
33 56
101 163
114 116
4 95
112 95
51 10
69 160
166 56
119 171
107 51
194 153
189 4
53 107
31 179
17 119
73 158
40 18
61 194
15 171
1 194
152 168
165 126
49 132
29 15
164 73
28 152
134 170
123 69
106 134
77 59
178 49
68 171
187 123
88 53
129 165
185 194
16 17
110 52
169 170
157 107
111 185
122 134
85 171
154 194
100 35
20 113
96 77
173 135
175 187
136 28
91 65
54 85
8 73
167 10
64 132
81 194
27 170
200 96
47 4
161 163
162 96
148 35
149 148
70 52
44 65
174 51
181 178
3 171
37 91
142 164
76 157
36 51
147 178
82 77
34 85
183 197
180 116
177 40
128 152
50 110
98 167
39 57
115 153
121 77
22 8
74 114
67 162
188 85
63 102
193 7
146 31
23 3
86 148
145 129
32 59
13 181
80 85
131 39
30 178
93 69
48 160
45 86
182 73
43 115
118 32
195 54
127 101
84 34
26 164
14 194
97 61
71 88
21 134
138 183
141 14
60 154
2 128
92 45
196 85
117 138
172 128
94 67
99 195
9 26
87 147
79 53
104 138
176 16
156 40
6 164
143 88
198 114
75 34
46 164
108 70
190 198
83 131
151 157
24 65
55 4
105 157
144 141
150 169
124 1
133 63
125 31
191 60
89 30
11 83
140 66
72 14
192 73
120 151
41 127
42 46
199 48
19 88
12 73
25 18
62 57
109 117
159 174
103 192
58 30
78 129
38 4
137 199
184 1
130 96
200
10 107
153 10
45 153
44 153
95 44
53 44
100 153
7 53
168 45
152 45
158 45
31 10
141 153
69 31
120 31
81 141
91 107
64 107
30 81
33 158
26 81
76 168
113 95
131 45
56 76
163 69
148 31
6 107
43 33
145 26
96 81
175 107
21 44
54 33
79 26
188 100
110 54
90 43
193 95
123 44
39 26
75 188
182 175
179 31
32 95
29 31
150 75
55 95
18 96
65 32
155 193
181 43
93 10
97 150
102 182
36 26
73 97
28 31
162 113
82 55
106 56
139 179
108 181
22 168
11 179
132 181
83 120
78 7
15 107
46 100
8 163
35 163
99 175
85 152
57 79
4 150
171 4
27 8
191 150
189 123
190 97
40 99
174 22
133 83
173 141
135 107
121 100
138 132
144 29
177 120
142 99
126 91
196 40
184 138
122 45
59 108
157 148
5 54
146 145
165 30
114 190
200 113
109 179
86 144
94 190
101 179
19 175
129 59
117 190
192 129
125 91
88 126
118 168
52 31
72 117
38 83
24 55
137 8
67 18
176 142
63 65
115 91
20 59
60 78
178 59
80 168
164 146
47 31
41 117
89 93
87 179
130 145
160 164
185 163
49 67
3 150
183 142
42 190
124 132
127 132
51 160
104 110
172 117
23 19
2 109
68 114
167 110
170 28
17 40
143 67
98 94
34 157
103 158
134 183
149 34
198 102
77 183
195 56
112 95
194 97
151 19
74 194
199 175
187 33
105 15
13 51
186 176
116 195
156 171
14 40
111 141
16 78
136 129
48 73
128 141
12 126
119 34
61 182
140 151
25 60
66 149
169 117
58 45
92 152
37 199
180 37
161 114
166 58
84 13
62 11
50 125
154 49
147 84
1 4
159 45
9 147
197 31
70 12
71 91
200
130 5
166 130
43 166
93 130
186 93
128 166
13 93
98 186
34 43
27 43
66 27
81 186
30 66
74 34
131 186
94 128
57 166
18 94
115 186
136 5
76 94
110 27
133 18
142 5
114 186
188 128
22 130
12 115
129 76
52 131
37 128
147 115
103 131
77 188
33 52
143 186
197 128
65 37
119 188
28 143
169 188
46 37
174 81
20 136
45 43
95 81
191 174
56 22
44 5
102 188
100 27
53 81
148 130
54 53
42 5
187 148
167 174
152 133
51 143
173 119
72 114
161 76
107 197
1 100
55 187
190 57
150 27
19 100
70 76
78 30
63 107
164 166
158 93
120 43
183 186
88 94
122 22
165 74
196 191
200 44
137 37
41 13
157 18
117 174
10 54
60 74
9 88
113 52
160 34
3 113
194 34
97 81
132 191
62 115
126 88
121 158
123 164
40 94
116 30
162 72
135 55
124 110
178 158
47 119
105 1
163 157
145 117
184 164
29 167
155 34
144 167
185 57
15 117
59 52
170 150
141 114
38 132
48 95
7 94
4 190
75 178
154 178
67 3
32 155
82 136
127 43
79 29
31 12
106 190
195 4
156 103
49 45
181 81
14 1
180 127
86 88
111 152
101 126
172 70
198 114
134 5
2 180
159 162
58 40
35 131
11 188
189 7
83 132
146 88
92 83
176 198
23 3
36 185
39 65
26 18
108 98
73 57
21 119
17 105
71 76
109 101
96 158
171 107
91 189
69 82
175 150
89 32
68 55
85 152
139 150
80 32
64 188
168 98
16 93
25 44
6 173
90 28
24 35
125 148
112 94
179 26
153 40
140 75
99 82
118 184
87 63
138 81
177 74
104 5
84 127
192 11
151 12
193 176
149 30
50 157
199 20
61 174
8 42
182 140
200
148 118
138 148
50 118
137 138
53 118
36 148
120 50
174 50
135 174
132 53
64 132
67 137
167 118
172 174
85 64
182 137
7 53
62 120
40 182
159 137
116 148
76 116
139 172
149 36
77 167
88 76
168 85
113 132
21 67
110 167
175 40
26 21
2 167
190 7
37 62
150 149
42 137
19 172
75 167
68 2
59 168
11 167
173 167
79 118
171 77
93 135
3 7
185 21
152 150
101 36
196 138
87 150
10 21
156 167
107 182
153 26
9 168
97 150
181 88
140 150
125 171
158 11
54 79
176 26
57 148
115 139
100 50
46 176
121 125
189 62
8 93
128 190
89 150
28 19
99 7
164 26
27 10
160 21
129 152
41 196
15 87
30 167
66 21
131 30
69 113
151 37
143 50
184 190
33 8
31 27
72 67
39 66
65 76
55 120
52 185
123 100
73 26
142 88
32 196
127 101
147 10
103 93
34 168
111 189
12 164
186 116
136 75
48 67
5 103
91 8
82 103
70 93
44 131
105 85
78 12
124 62
92 62
126 59
71 88
102 64
14 135
84 190
43 37
109 76
83 8
117 137
23 21
154 41
94 142
114 76
96 150
179 126
191 182
177 12
20 136
178 69
56 31
146 69
194 186
6 153
195 181
134 93
63 71
47 103
180 40
106 180
13 87
108 178
141 66
74 36
198 177
166 181
98 107
18 158
163 98
145 191
169 84
193 140
161 191
165 91
119 92
192 194
45 128
197 119
157 19
86 8
199 69
17 123
29 52
104 151
35 34
112 150
58 66
188 126
49 161
133 87
155 181
80 124
200 174
130 167
122 159
170 133
183 116
187 138
81 47
144 107
90 86
61 145
16 70
95 2
162 117
25 191
24 25
60 61
51 173
1 9
38 24
4 3
22 144
200
43 53
197 43
44 197
21 53
14 44
107 53
105 107
87 197
154 43
5 44
175 87
110 43
108 53
12 107
57 175
100 175
181 43
78 57
36 57
193 36
188 44
146 36
135 78
133 14
109 100
58 175
48 53
70 154
26 57
124 53
161 57
94 188
97 26
40 154
192 109
7 107
52 53
2 48
51 124
47 57
199 58
98 97
167 53
45 47
81 7
39 109
120 39
157 133
104 26
145 193
23 52
91 167
150 14
185 12
111 5
165 188
92 100
95 150
84 135
162 48
4 104
56 175
93 157
183 175
102 52
31 5
35 181
151 5
178 111
30 165
8 5
163 14
76 47
128 4
118 40
72 93
3 76
16 178
121 163
55 197
144 92
68 93
131 70
172 45
33 78
34 109
22 97
106 72
142 146
186 197
184 58
66 26
6 128
90 7
18 12
171 68
62 81
140 98
50 90
139 5
143 39
80 108
152 12
114 120
176 146
10 154
113 2
60 26
156 100
59 102
200 90
9 171
189 128
158 12
13 143
182 56
125 146
194 100
99 175
138 128
169 31
11 128
28 100
129 90
177 62
170 182
160 76
54 68
180 110
103 8
164 167
137 169
41 92
196 16
179 7
17 44
101 170
155 177
29 128
132 175
65 183
122 157
82 34
149 118
63 16
117 97
173 33
89 50
112 114
74 28
119 3
24 122
69 103
83 120
64 142
174 22
75 173
115 65
86 196
1 158
96 55
32 41
166 50
79 4
116 41
134 177
88 2
153 189
123 109
19 123
141 105
127 199
187 53
15 146
130 63
190 118
136 32
42 163
61 175
195 55
20 184
147 132
38 123
67 181
168 35
148 125
191 167
46 192
37 109
77 10
73 184
198 48
25 110
71 66
49 39
85 5
159 162
27 40
126 91
200
190 181
126 181
115 126
85 126
194 115
8 190
129 190
94 115
182 181
196 85
24 94
153 126
150 181
139 153
36 129
76 196
32 115
162 115
121 76
195 139
78 139
168 36
95 168
116 85
177 126
71 162
160 71
22 71
46 168
40 182
170 116
138 24
110 194
89 195
82 78
163 71
51 95
19 78
47 8
103 78
1 194
143 71
4 51
100 138
173 78
16 32
41 78
184 24
102 82
104 116
172 190
44 40
183 163
9 194
39 153
34 115
149 4
144 170
171 89
55 150
98 89
114 139
135 144
25 39
93 82
15 173
200 194
27 82
193 40
49 115
109 182
130 78
91 27
156 36
57 172
50 126
141 49
133 110
79 184
176 150
3 98
113 25
146 133
123 135
35 4
174 149
37 15
84 173
62 44
73 172
159 123
137 25
191 114
54 138
101 3
58 103
128 168
161 114
118 114
86 141
151 177
198 126
199 85
108 15
142 57
167 198
147 142
166 39
164 93
185 73
117 34
197 49
12 139
112 16
23 142
70 181
56 172
2 112
188 163
6 182
88 177
87 167
125 23
31 150
66 76
67 89
105 174
10 86
74 102
154 150
132 167
120 193
81 185
13 74
64 151
179 49
21 67
97 190
75 121
124 37
17 6
45 117
92 108
111 10
80 103
107 51
63 21
52 109
140 54
187 182
43 80
65 47
33 75
127 149
5 70
99 35
96 115
180 5
38 33
106 56
20 197
68 21
189 183
175 177
29 130
30 99
7 24
169 176
11 10
119 19
48 98
122 2
60 34
14 161
155 38
131 80
59 190
28 170
178 43
69 147
53 94
42 172
90 8
136 92
83 15
165 182
72 47
18 142
186 111
26 83
148 31
134 89
145 186
77 143
61 160
158 144
192 17
152 134
157 108
200
58 157
115 157
42 115
185 42
94 115
96 157
12 94
57 94
56 94
108 12
55 185
116 108
67 42
26 94
30 108
111 115
132 55
162 116
127 132
189 58
181 162
66 108
142 26
139 111
133 162
99 142
64 116
194 42
17 189
134 56
8 64
81 189
80 115
35 185
93 139
98 162
113 58
123 113
118 94
101 66
85 93
50 115
10 50
180 96
179 99
22 30
21 123
102 127
163 181
158 118
166 8
149 111
122 12
103 57
4 80
63 42
184 66
150 80
124 80
112 189
69 102
167 189
41 184
160 93
105 167
187 63
151 157
88 4
44 96
77 167
110 122
161 185
186 111
106 96
1 133
87 94
155 69
60 187
36 56
25 124
141 80
109 50
20 87
144 180
14 186
188 110
49 157
168 12
147 116
92 106
126 50
130 21
164 141
51 36
199 157
152 26
83 80
159 85
178 93
11 57
76 63
198 4
16 141
170 152
13 50
46 110
73 69
136 108
196 179
182 157
195 163
72 35
82 161
176 17
190 198
29 136
70 164
154 118
125 189
9 17
174 168
128 9
24 174
52 174
104 164
138 46
84 178
200 52
54 1
19 10
62 55
193 187
120 168
15 22
100 162
39 128
153 162
131 8
175 125
143 46
146 88
121 44
171 72
173 58
45 12
129 181
91 26
61 122
59 136
78 24
71 153
47 11
27 143
40 141
137 113
2 133
177 179
37 70
140 153
156 103
90 113
28 76
148 162
79 143
86 111
117 82
135 115
33 54
95 47
65 9
89 50
38 153
114 1
7 91
34 19
6 102
107 124
119 29
75 143
18 73
191 2
32 125
53 156
74 44
23 126
197 171
183 33
31 173
48 34
169 119
172 164
145 88
5 46
43 173
165 147
3 100
68 186
192 120
97 164
200
109 119
139 109
198 139
108 109
123 198
23 123
98 139
157 119
60 23
124 198
29 23
38 23
50 23
152 109
145 108
24 29
58 145
189 108
177 145
197 189
14 124
130 108
107 14
74 50
164 198
5 38
141 152
150 164
56 141
114 189
93 145
80 50
64 29
10 74
190 124
79 190
171 60
78 64
183 38
129 98
155 93
77 189
138 108
103 190
135 24
144 14
163 150
68 5
131 23
90 157
158 124
72 131
174 124
7 177
57 72
161 138
102 198
54 183
66 158
142 197
167 144
140 102
180 177
128 119
100 161
39 14
76 123
48 123
106 24
96 198
199 155
34 114
111 57
83 180
187 161
41 90
99 39
86 107
62 39
110 167
44 48
165 157
175 7
192 142
115 155
33 98
184 44
120 144
154 152
32 141
87 187
117 154
8 144
195 32
37 155
92 138
147 38
185 76
53 58
91 175
46 154
85 129
71 41
113 180
88 109
26 155
67 109
196 180
156 175
70 163
126 100
132 83
18 147
55 106
51 192
149 76
179 115
105 155
160 109
188 126
9 18
82 38
84 120
194 115
49 111
40 114
45 128
200 115
125 175
31 179
94 23
3 109
61 119
166 34
4 124
122 100
178 171
168 87
134 55
191 187
104 128
20 79
159 111
89 54
101 82
12 98
6 160
97 10
193 26
36 128
69 96
116 48
16 128
186 129
52 142
30 168
170 31
21 82
137 152
1 78
112 44
27 175
151 124
22 145
181 1
19 97
2 49
13 103
173 20
15 175
182 111
121 188
81 178
146 72
11 45
118 130
63 77
153 33
65 200
133 27
25 150
43 178
47 34
162 69
176 45
17 93
172 161
73 82
59 115
143 91
35 138
95 166
28 149
148 105
136 147
42 55
127 78
75 106
169 35
200
75 2
8 2
80 75
46 75
199 75
76 8
74 46
185 76
184 8
30 46
153 80
15 30
122 30
16 184
69 8
12 153
103 75
163 16
127 75
48 76
73 69
158 73
54 185
101 163
59 2
132 2
161 12
150 76
171 101
86 16
6 127
17 69
168 122
181 132
96 184
99 8
45 59
72 74
50 15
89 2
147 122
157 184
65 157
93 72
63 45
52 74
4 74
118 50
141 50
27 89
98 46
13 150
192 69
156 30
38 16
105 161
138 105
165 73
18 63
20 101
61 163
21 105
130 59
33 101
10 72
131 98
22 141
79 157
77 50
196 74
149 181
31 27
94 130
85 199
124 192
189 31
68 124
51 168
100 141
186 158
194 150
198 131
151 93
190 77
87 184
140 163
121 10
188 138
109 157
128 79
148 151
49 121
160 163
35 128
139 16
166 54
175 89
29 121
112 45
43 163
120 157
71 147
7 147
83 160
187 128
178 189
197 189
136 197
133 157
37 54
164 35
162 139
56 148
135 45
62 99
154 52
145 93
42 65
125 122
113 49
182 162
36 54
144 182
137 46
25 29
91 89
167 197
14 192
41 68
106 43
146 38
180 199
173 132
174 147
53 4
92 194
114 30
183 140
104 154
142 80
195 56
119 121
24 199
108 49
97 187
39 105
64 89
143 119
129 130
32 86
170 99
172 197
40 180
57 189
47 194
159 157
82 149
67 188
179 135
66 109
134 87
5 189
26 30
176 143
84 87
107 37
191 5
177 120
11 20
126 127
95 52
58 94
23 52
28 43
115 192
70 8
88 39
44 77
169 40
90 28
117 40
34 7
110 85
116 28
155 37
55 146
19 168
9 57
200 180
152 188
81 163
3 136
1 14
193 5
123 77
102 7
60 5
78 28
111 175
200
144 195
82 195
105 144
93 195
72 195
192 195
136 82
63 105
23 195
13 105
118 93
41 82
37 63
11 72
19 118
81 37
126 105
175 82
9 82
196 175
107 195
12 118
88 144
168 82
154 93
181 11
18 196
113 88
129 93
30 126
48 82
146 19
27 192
76 192
74 129
176 27
128 23
109 81
127 11
16 48
39 154
51 144
125 195
145 168
171 19
152 30
179 74
197 152
160 19
3 113
169 179
139 12
71 81
94 12
130 160
189 179
194 195
5 171
148 160
38 168
86 12
46 37
56 5
36 12
178 189
142 129
59 81
58 175
22 171
17 3
132 36
14 94
20 154
147 169
15 71
75 147
55 48
110 36
29 178
78 72
8 15
167 176
67 22
32 86
91 142
198 197
108 18
106 125
119 108
92 107
134 32
90 17
97 38
103 86
65 154
98 130
89 37
138 72
117 129
115 22
162 129
52 117
26 119
49 175
150 144
66 78
45 136
151 107
28 127
161 59
199 41
61 181
122 125
193 63
131 15
100 117
68 30
191 17
186 97
10 63
141 16
79 89
200 160
99 144
124 167
4 10
101 124
149 92
25 48
165 198
174 194
95 186
77 41
116 3
35 119
7 39
190 194
123 189
140 103
40 17
133 124
31 110
173 40
57 115
6 142
155 6
73 56
54 41
164 35
87 14
80 32
182 75
102 14
172 10
166 140
183 37
187 10
163 71
50 19
114 35
60 3
188 11
158 49
47 102
159 36
34 173
33 190
44 128
83 194
135 61
24 97
104 105
64 128
21 174
84 197
177 187
112 103
62 50
184 160
111 113
137 39
185 166
2 33
53 25
1 25
153 149
170 89
156 161
70 72
180 107
43 195
157 17
96 97
85 17
121 30
42 133
143 14
120 70
69 21
200
159 72
142 72
61 142
33 142
171 61
158 72
117 142
122 33
186 142
49 142
165 122
191 122
118 186
99 118
147 142
112 191
120 158
164 112
169 72
102 120
30 61
44 118
83 164
116 186
190 44
94 147
101 158
121 165
114 102
81 158
97 114
28 121
74 83
115 118
188 74
21 121
180 188
148 28
199 81
132 49
143 99
111 188
79 171
69 116
56 30
29 79
34 79
19 165
55 28
179 81
39 180
37 99
90 56
78 19
11 180
146 69
134 72
36 143
170 78
85 164
25 170
189 199
141 72
67 25
59 114
48 180
178 30
31 171
15 171
140 48
124 142
156 169
161 99
71 158
96 142
103 55
57 49
16 143
130 111
45 132
76 44
17 171
172 45
109 57
92 120
26 85
22 28
84 189
2 71
43 84
157 143
6 81
86 76
187 59
91 76
177 97
104 124
1 188
77 103
75 6
200 191
185 55
35 26
64 156
105 48
18 67
163 39
133 29
155 111
70 74
194 121
145 43
129 83
42 15
175 115
108 148
166 148
192 18
60 169
20 72
58 187
126 192
38 120
125 117
138 18
106 102
100 171
198 96
95 74
176 21
62 112
197 29
195 109
10 94
152 194
98 134
162 85
27 25
184 166
149 20
41 99
173 185
40 147
127 134
50 84
123 169
113 171
128 29
135 114
4 67
8 56
107 161
12 91
32 177
14 34
47 121
167 25
87 18
68 140
168 161
9 105
24 140
63 92
13 124
182 83
93 117
183 36
153 118
144 85
52 39
7 122
137 32
51 112
150 90
54 152
196 106
139 24
3 77
119 99
110 90
46 137
151 35
160 139
82 42
181 108
174 91
73 188
89 167
131 112
136 33
5 14
23 28
88 33
80 81
66 178
154 18
65 129
193 195
53 132
200
98 138
58 98
104 98
140 58
141 98
183 140
39 140
143 183
190 39
65 39
35 183
175 140
92 138
186 175
168 92
120 92
53 143
78 58
167 183
18 78
125 168
81 65
127 167
189 18
25 78
108 140
197 138
121 125
122 53
123 122
196 108
20 81
137 138
184 183
177 127
198 39
80 20
38 35
126 140
88 175
153 92
50 125
86 175
37 125
100 168
76 143
185 186
155 137
51 88
136 155
87 125
90 38
32 127
145 20
21 35
28 198
56 100
147 65
97 167
165 177
128 185
30 198
43 141
99 153
45 184
71 39
131 21
199 56
194 183
12 168
2 92
200 137
171 145
94 58
5 92
166 78
174 12
47 127
10 200
82 186
14 53
163 86
85 35
40 37
69 18
139 120
23 155
52 185
124 200
195 177
22 197
162 14
191 175
148 58
29 39
172 50
106 191
66 20
130 29
54 174
31 88
159 86
135 32
144 191
164 40
116 166
142 30
169 5
72 130
133 116
156 168
57 162
110 51
93 23
9 106
63 125
146 162
11 146
181 183
15 148
70 39
115 32
17 50
117 197
60 18
170 156
193 172
89 193
157 153
113 31
83 99
160 138
44 85
192 175
91 190
187 120
64 198
33 175
24 64
79 124
101 63
161 52
68 172
75 177
102 137
19 56
103 108
105 127
158 88
8 105
3 196
114 185
109 78
178 9
180 43
84 141
4 97
59 66
176 117
129 163
179 166
74 98
6 179
46 52
67 192
77 3
41 22
188 147
112 32
1 63
49 21
134 113
182 57
55 129
7 168
118 5
27 84
36 24
107 6
73 187
34 50
42 3
13 54
149 199
95 43
152 192
150 121
154 40
96 27
61 105
62 28
132 65
119 200
16 55
151 99
48 177
26 122
111 127
173 129
200
74 73
175 74
28 73
12 74
193 74
162 193
180 162
88 193
134 162
22 175
30 73
163 175
34 28
164 193
1 164
152 28
110 175
188 180
51 134
60 175
144 1
171 1
149 1
160 134
103 12
54 30
6 74
14 1
118 73
2 12
131 14
157 149
75 110
117 193
32 1
108 30
122 117
185 14
87 12
150 157
41 131
145 34
57 32
137 75
91 171
66 157
147 73
111 41
158 108
194 149
116 194
183 73
53 158
112 54
36 147
101 2
63 103
84 111
83 117
67 171
39 160
78 175
133 180
49 91
43 111
4 74
59 183
52 116
182 112
154 43
8 193
29 152
125 144
105 6
13 183
100 116
159 87
190 110
192 150
31 180
85 105
136 162
113 193
25 101
123 73
195 32
119 158
5 123
140 180
55 140
197 91
169 110
135 131
153 163
94 49
70 133
179 195
124 154
40 175
130 88
82 175
44 193
17 163
92 29
50 154
151 152
106 100
199 125
96 154
200 145
146 110
173 17
166 112
165 154
90 179
174 53
48 30
115 66
167 14
143 171
10 197
7 85
155 50
72 12
95 74
47 66
156 117
128 144
9 199
81 73
181 49
33 30
139 118
98 152
56 123
120 112
99 131
176 57
132 54
109 147
23 55
38 167
148 164
3 146
80 181
168 91
86 51
77 173
71 194
97 134
18 99
186 51
24 131
64 24
142 163
161 167
184 48
89 145
62 89
79 186
126 43
37 78
26 159
189 128
21 192
76 135
121 23
141 84
61 125
102 115
15 1
58 33
172 186
42 120
69 29
170 18
65 48
177 29
198 56
114 72
27 132
107 77
196 47
35 24
68 130
46 30
191 18
45 173
20 56
19 154
11 67
93 111
127 69
16 190
138 21
129 46
104 155
187 79
178 123
200
47 99
183 47
190 183
37 99
121 183
24 183
127 99
93 190
175 127
140 99
74 24
63 140
170 37
55 47
28 190
133 93
154 99
31 28
124 99
112 74
141 31
100 31
152 121
7 74
139 100
21 133
195 152
126 190
66 183
86 139
16 24
168 127
104 7
10 126
180 154
39 175
34 86
135 126
41 112
125 16
80 86
36 140
94 55
106 141
138 7
46 125
171 24
52 171
96 52
17 104
75 180
172 183
9 46
146 10
88 139
45 124
73 171
174 126
134 28
113 52
8 154
164 37
67 17
103 46
117 100
144 93
56 34
108 180
70 99
178 28
2 154
114 141
77 133
65 134
193 170
23 10
142 93
111 126
200 100
42 47
181 2
11 42
182 106
153 8
157 144
69 100
167 74
72 139
5 34
156 153
110 36
27 52
60 153
105 117
143 75
149 24
90 174
159 172
148 200
179 178
109 16
163 109
155 178
191 141
97 152
25 45
18 9
43 190
22 43
122 60
130 36
35 45
98 146
64 109
20 144
118 164
120 141
184 126
169 146
71 8
185 163
192 96
51 133
4 2
101 175
59 200
33 75
49 100
85 163
92 23
32 37
128 159
14 7
119 174
131 2
136 167
162 73
198 74
78 110
116 144
19 180
57 105
115 20
83 193
102 112
68 142
91 19
87 115
62 149
81 142
38 152
147 88
12 120
176 45
123 38
177 120
29 97
61 127
151 139
6 121
161 31
187 101
44 45
189 171
48 41
132 91
137 7
13 134
150 190
186 68
173 149
3 29
95 12
188 67
82 187
53 10
160 43
15 159
58 138
89 68
196 193
40 6
107 106
50 38
194 24
30 136
79 180
26 186
54 151
166 20
165 179
1 101
76 137
197 134
158 64
199 96
145 148
129 71
84 159
200
52 134
76 52
166 134
140 134
113 76
100 140
38 140
150 113
188 134
46 140
107 46
170 100
185 188
186 170
69 134
60 107
167 113
115 170
108 140
72 113
79 38
25 134
111 108
99 113
58 46
131 60
189 46
41 166
6 134
49 72
137 170
120 107
1 46
163 69
190 185
139 107
92 25
68 6
194 69
80 189
57 6
91 131
154 113
86 150
71 49
184 99
64 38
197 46
77 115
156 72
147 77
30 79
138 189
16 111
101 166
168 156
39 170
151 86
56 154
129 69
63 185
141 68
127 1
13 69
149 57
117 13
90 163
43 127
103 149
67 91
169 13
128 163
40 91
50 38
22 107
161 149
187 56
121 100
112 22
54 184
181 49
42 6
81 134
51 188
11 150
192 169
31 90
119 113
44 50
33 169
157 60
160 42
84 113
97 189
83 161
32 41
198 141
176 44
179 188
75 101
165 77
130 198
4 121
93 115
37 90
155 68
104 155
105 72
17 129
28 25
66 187
144 187
95 1
8 95
178 56
195 169
96 25
106 108
9 195
153 63
59 141
174 60
65 68
110 139
23 163
21 42
135 120
7 9
191 170
172 149
45 167
118 194
152 178
82 152
10 75
35 30
24 97
89 106
98 137
18 115
196 174
136 103
19 96
126 7
47 147
29 50
146 144
122 181
73 184
102 127
3 104
175 45
34 18
158 37
109 99
177 110
26 188
53 149
15 152
132 107
173 118
48 138
70 108
148 118
87 10
171 15
5 100
124 137
182 95
36 167
20 156
85 81
27 72
123 4
143 33
74 21
88 72
193 93
94 100
133 189
200 21
162 163
114 115
125 16
180 162
14 22
61 87
12 166
142 6
62 80
116 28
55 141
183 185
2 153
164 180
199 151
159 130
145 11
78 142
200
177 126
97 177
89 177
56 97
83 56
194 97
43 89
155 56
36 177
70 89
33 89
147 83
125 126
110 89
165 83
20 147
96 20
170 97
173 177
75 43
104 20
150 75
13 177
117 70
191 170
107 147
66 89
149 70
184 97
103 97
195 150
22 75
73 66
15 43
129 97
197 165
178 147
44 191
42 33
138 22
28 13
74 89
1 42
180 73
128 22
200 110
26 104
25 89
148 97
47 180
12 33
159 1
64 44
55 180
88 195
91 173
95 13
136 20
158 97
81 70
198 129
11 89
189 194
137 194
80 22
3 81
124 136
48 73
169 26
46 11
127 138
63 22
167 107
7 150
85 177
58 200
119 195
27 197
9 22
145 36
79 48
18 191
111 107
163 81
183 148
154 1
94 43
72 178
31 91
82 94
41 195
186 173
30 83
38 43
151 70
112 136
52 191
123 151
156 26
59 194
115 198
106 11
122 136
182 38
105 111
57 189
139 165
116 47
49 184
19 170
90 55
146 106
24 73
92 178
187 170
78 25
144 96
86 44
185 78
84 20
101 191
120 139
102 136
34 187
60 91
113 154
54 147
181 82
5 86
53 9
118 43
37 165
65 88
174 144
162 106
131 63
68 187
192 59
10 48
179 124
35 116
67 90
77 36
140 118
172 119
51 122
45 103
142 126
196 137
176 55
193 9
130 48
61 111
166 192
6 24
175 186
76 33
164 9
17 25
98 128
39 139
135 74
141 172
108 149
121 138
199 164
4 105
133 137
32 105
16 140
21 113
160 193
134 21
157 128
188 167
99 86
143 11
71 151
109 124
161 183
171 112
2 20
100 26
153 31
152 189
168 25
29 113
8 161
14 48
23 28
114 85
62 120
190 68
93 53
87 17
132 71
69 167
50 108
40 44
200
185 77
6 77
116 185
137 116
195 6
159 185
169 159
95 159
164 137
198 6
118 159
130 198
193 6
49 169
51 137
124 130
36 159
41 130
31 159
68 195
50 41
63 159
98 193
180 49
163 195
38 49
189 63
172 50
110 193
108 95
35 169
74 108
19 50
99 163
139 137
115 185
54 164
117 68
5 116
162 6
66 110
179 5
103 110
53 169
18 159
14 116
45 99
126 63
16 163
171 41
64 164
71 63
175 35
83 19
57 71
123 162
34 115
165 195
106 189
194 164
72 165
28 71
79 5
107 103
26 98
37 162
160 169
200 35
186 34
191 118
197 77
94 53
146 66
62 6
152 110
100 163
1 191
138 175
136 26
157 35
84 49
134 62
181 194
90 57
176 157
147 181
46 5
174 31
55 193
85 185
141 55
122 116
153 31
113 180
151 185
11 85
22 159
93 159
4 123
78 162
170 147
25 63
13 160
127 85
7 94
101 74
81 157
61 94
29 55
161 107
121 26
131 51
135 22
91 194
42 151
32 13
182 127
196 22
59 117
102 113
178 74
20 106
23 7
15 93
73 4
82 182
154 152
184 64
111 54
190 50
8 18
125 16
132 180
158 57
80 138
120 195
75 134
56 141
177 176
96 72
112 158
128 78
60 23
167 73
109 177
183 68
17 138
192 177
48 176
67 28
12 132
87 56
30 18
140 50
119 56
43 60
44 176
2 44
149 31
173 77
129 160
47 154
114 169
142 186
70 120
86 180
39 67
188 15
155 29
156 129
97 160
69 188
58 87
92 80
89 41
76 84
144 157
133 200
40 43
143 38
105 77
148 15
166 22
150 39
9 12
52 160
21 93
145 170
24 35
187 54
168 174
104 169
65 162
27 142
199 160
3 117
10 34
33 22
88 99
200
92 48
87 92
95 92
105 92
116 87
135 105
153 92
144 116
152 48
75 48
111 87
120 152
173 135
16 75
65 111
183 48
151 75
77 173
163 75
118 151
128 135
134 111
5 48
57 152
78 77
160 16
80 57
175 128
4 111
19 111
43 75
61 16
90 116
178 128
84 78
167 118
200 5
109 120
133 109
58 153
36 152
168 200
73 175
113 43
158 175
130 105
28 61
102 84
40 73
29 77
117 80
76 61
60 105
122 130
149 158
45 163
44 77
176 120
96 5
180 167
63 113
42 5
104 175
114 158
124 95
97 75
68 149
31 19
66 102
9 180
39 5
199 97
101 163
182 151
21 149
194 16
83 180
56 152
6 113
71 199
15 77
127 9
55 182
192 111
136 111
82 71
156 80
140 101
11 6
34 40
108 128
142 60
107 11
17 19
52 173
37 29
25 58
166 58
138 76
100 96
67 75
115 192
7 6
119 128
1 37
146 36
88 11
12 115
35 200
20 152
24 44
103 39
99 60
155 95
195 75
121 102
85 114
53 199
129 118
174 88
191 129
141 122
41 42
27 135
161 77
81 111
74 19
165 67
159 17
33 83
157 124
89 6
38 155
196 11
112 81
8 174
49 83
147 158
187 41
179 149
86 166
22 194
162 149
54 119
169 113
70 109
123 1
143 136
93 123
186 112
184 19
51 11
64 16
125 147
106 16
171 151
172 194
72 124
26 173
94 20
18 57
189 65
185 167
132 80
181 70
3 84
170 87
197 138
177 64
10 73
110 153
198 99
32 6
190 87
59 151
193 100
62 86
145 163
47 83
30 92
150 180
91 61
2 115
13 163
79 145
98 170
139 8
50 124
14 5
164 196
131 186
137 60
69 170
23 90
154 65
46 152
188 48
148 189
126 79
200
36 127
151 127
187 36
191 127
155 187
89 36
7 155
175 7
55 191
128 151
62 151
48 89
142 128
131 7
120 191
42 175
193 151
173 48
69 36
192 191
23 127
182 120
50 48
24 62
177 42
103 89
199 69
77 199
166 131
134 50
115 192
170 36
122 131
149 50
194 36
99 187
19 89
112 187
145 112
61 182
54 134
157 170
5 54
72 54
83 166
171 23
102 194
67 62
116 128
21 83
9 77
178 112
65 9
95 116
28 61
150 23
147 54
160 128
93 128
84 50
98 194
86 122
58 142
117 72
16 166
47 98
129 23
45 145
133 28
79 21
153 93
60 155
132 178
27 120
68 173
94 83
70 36
32 128
176 62
46 60
14 128
138 68
51 175
104 93
13 134
52 132
179 95
125 62
146 150
63 28
109 86
56 104
162 99
110 178
144 27
97 155
105 144
135 55
43 144
107 194
190 129
141 129
25 190
186 187
101 60
31 107
121 179
26 166
111 25
96 13
139 127
164 7
185 48
158 62
156 95
188 62
73 170
130 94
106 70
15 72
81 83
90 142
3 187
11 21
85 120
152 164
66 19
114 156
172 156
174 50
196 173
74 107
181 138
78 107
2 83
6 36
80 65
165 171
168 85
180 151
159 5
4 112
18 153
39 66
161 180
136 43
197 120
88 36
124 99
57 21
37 43
75 101
183 168
38 32
59 32
91 175
189 85
195 109
33 88
71 66
49 15
163 14
154 69
148 162
22 179
184 16
167 74
76 176
140 86
35 49
10 101
29 7
169 152
53 121
82 145
34 140
20 3
17 129
200 69
118 111
119 155
92 81
113 80
64 172
1 20
100 96
30 49
137 53
126 172
143 19
44 143
123 34
40 93
108 22
87 152
12 97
8 84
198 118
41 10
200
97 188
10 188
62 188
21 10
53 188
153 188
162 53
178 153
27 53
88 53
99 178
198 10
18 21
90 10
150 99
140 97
124 150
192 153
136 10
13 188
23 97
118 140
74 188
193 99
181 23
31 162
189 150
164 136
170 18
137 153
152 10
19 162
96 136
167 10
106 18
5 106
35 97
168 136
75 74
123 168
93 23
56 192
85 137
51 168
199 192
130 18
6 150
55 56
63 170
121 140
41 97
3 85
87 153
94 121
1 124
114 106
49 35
125 35
92 5
157 88
17 75
175 5
187 62
144 35
132 162
66 88
174 118
29 93
50 189
45 150
135 175
95 193
68 121
112 121
139 35
172 136
71 144
134 172
42 68
54 75
61 99
83 54
171 187
79 150
154 189
195 168
73 174
30 192
194 106
32 112
105 136
145 97
169 6
148 199
72 135
76 145
103 130
200 18
2 114
155 90
182 112
180 132
12 56
119 148
190 62
185 155
165 154
177 174
127 71
115 154
44 29
146 167
11 165
107 194
110 42
102 185
16 182
122 13
116 168
186 119
14 185
176 92
40 41
84 199
7 150
126 192
142 178
149 154
37 185
4 3
81 189
191 194
89 85
77 84
38 169
58 116
65 122
156 150
197 84
98 1
141 54
109 174
20 115
8 107
111 21
48 190
46 29
47 1
101 149
28 127
26 176
52 195
91 181
80 97
196 177
25 177
69 77
57 114
33 126
59 118
159 186
15 98
138 18
22 141
151 164
184 151
147 8
108 176
166 109
36 178
129 153
78 114
133 121
120 61
131 137
60 148
160 118
161 193
70 178
163 14
183 98
128 65
113 42
34 36
104 162
67 11
24 177
143 54
158 48
86 71
100 50
179 108
9 115
64 126
39 179
43 198
117 150
82 69
173 124
200
169 129
100 129
8 169
138 169
143 138
101 100
22 143
4 22
128 8
182 138
61 129
66 143
99 8
31 66
155 128
72 8
123 155
142 182
15 4
196 31
189 8
13 15
19 138
187 123
197 22
20 22
59 182
125 8
82 187
150 182
85 66
164 19
3 82
193 82
94 72
62 3
53 169
12 182
55 182
173 3
51 138
103 3
74 31
65 142
192 196
37 65
191 123
106 125
47 8
44 169
162 94
111 196
67 37
177 67
10 100
165 15
1 164
34 187
167 59
104 31
158 100
25 85
161 143
83 177
115 59
17 161
163 128
9 104
186 65
190 99
194 169
136 150
174 177
113 197
33 61
168 113
121 193
81 125
41 138
95 20
18 15
170 94
127 62
102 136
105 59
185 25
176 67
6 168
96 170
24 158
132 187
39 96
139 8
68 142
183 111
26 82
97 104
60 51
27 194
140 104
87 44
114 95
92 186
52 189
46 95
57 101
157 129
48 53
188 68
178 13
130 59
2 140
5 39
119 60
109 48
43 17
23 169
75 174
199 65
45 9
29 87
93 193
148 199
78 127
151 62
133 192
146 148
166 196
147 128
200 128
120 99
14 99
91 34
184 39
108 148
70 85
180 111
144 93
118 147
56 83
141 68
152 72
135 83
181 127
73 120
38 44
88 27
126 18
11 20
28 186
69 85
76 142
32 150
179 33
49 182
90 32
171 191
86 78
131 161
112 14
7 123
159 146
63 119
160 111
80 127
110 132
71 90
77 163
98 105
107 10
117 49
50 161
16 8
154 157
137 193
153 25
36 14
156 189
198 133
149 182
122 144
30 66
89 161
64 10
35 85
145 179
40 152
79 100
172 101
134 77
195 157
116 189
58 157
42 140
175 30
54 77
124 38
21 198
84 75
200
97 25
108 97
155 25
14 108
166 97
86 97
98 14
36 166
192 36
42 25
125 97
151 192
117 86
64 151
144 25
50 144
80 42
66 97
160 50
72 86
24 14
31 50
52 25
132 80
11 64
60 98
3 60
58 144
181 64
96 31
21 166
190 98
112 117
26 125
56 190
71 64
4 117
113 64
100 108
62 166
102 190
55 4
107 181
104 24
191 181
2 3
145 144
54 14
32 166
149 66
48 31
175 191
73 113
111 97
161 181
92 155
10 175
90 32
30 98
158 92
6 117
147 149
164 42
85 71
187 54
38 125
99 187
18 98
53 72
141 164
195 72
128 48
163 147
133 32
124 14
110 14
182 71
109 192
33 52
74 66
139 32
179 151
116 179
51 4
153 144
140 191
101 99
82 74
199 6
186 11
5 151
171 128
27 2
88 175
119 98
83 6
168 58
126 2
152 195
188 104
65 141
75 195
156 74
180 164
79 140
69 195
131 113
61 100
76 161
22 90
123 55
1 83
173 31
165 2
157 126
106 186
37 50
196 191
129 42
28 113
59 73
118 80
57 168
19 55
134 139
43 83
9 113
114 90
146 36
87 141
177 181
40 119
159 65
167 182
95 182
23 32
7 187
138 140
68 144
120 151
174 59
121 1
178 74
20 167
136 131
15 79
176 163
162 25
135 19
44 56
103 191
172 96
49 95
93 161
46 116
84 162
143 56
39 147
77 61
150 155
169 68
170 172
142 92
115 99
94 172
137 86
91 175
194 163
189 88
197 126
122 180
35 62
67 27
16 10
63 24
185 171
45 21
148 179
34 172
41 72
13 62
200 120
183 50
198 82
154 90
184 62
193 133
105 182
70 160
12 196
127 59
17 114
47 2
81 142
8 103
78 19
130 112
29 17
89 192
200
128 190
137 190
84 137
101 190
5 190
19 5
178 84
61 84
77 5
131 137
185 77
144 131
44 77
97 128
22 5
175 137
104 175
86 178
109 86
78 185
18 86
156 19
197 19
151 44
51 101
69 156
108 128
120 144
182 19
25 185
125 104
92 19
169 175
140 44
7 125
46 178
11 120
152 128
41 78
39 22
85 22
81 22
29 97
157 77
200 51
40 120
38 18
95 120
66 157
6 120
9 178
42 69
147 85
127 182
43 156
37 40
189 18
191 109
142 157
154 137
71 197
35 200
26 178
88 81
138 178
110 147
135 137
153 95
195 85
164 152
67 182
179 39
2 185
141 151
89 51
50 164
146 147
103 84
122 157
172 18
194 46
113 144
87 77
8 137
171 191
130 151
65 175
83 77
62 87
21 137
34 113
72 29
80 200
193 95
136 77
161 110
68 43
76 179
1 138
60 85
199 89
139 95
98 60
53 38
177 142
155 197
12 153
59 177
176 199
160 130
187 200
162 195
48 197
58 127
47 140
133 141
45 139
24 104
75 18
15 156
33 104
90 12
180 2
100 75
121 38
165 139
57 147
183 147
20 104
115 1
31 33
79 152
126 165
163 48
129 137
188 29
74 26
181 60
17 45
102 67
192 61
54 5
114 37
149 171
166 193
123 39
167 110
3 1
173 95
134 81
52 48
174 133
63 83
32 24
49 155
196 74
23 134
96 169
28 182
36 157
184 15
119 109
186 86
4 166
117 192
93 5
105 128
124 117
82 194
143 51
170 128
116 187
132 175
55 11
73 157
16 121
150 66
91 23
13 50
107 46
118 128
168 44
14 173
94 157
148 138
10 170
99 193
112 141
111 66
145 62
30 100
198 97
106 185
64 141
158 188
27 125
159 171
70 88
56 147
200
44 163
96 163
95 96
23 163
178 95
116 96
191 178
75 95
108 75
160 96
103 160
124 23
51 96
110 191
40 103
122 116
45 95
13 95
174 124
166 110
127 163
64 13
90 124
16 116
10 96
143 124
128 178
119 163
113 174
58 166
120 40
61 13
130 13
28 124
69 45
183 13
138 122
84 23
87 143
153 127
106 90
173 124
148 113
49 119
102 28
9 113
177 191
162 40
94 9
97 124
76 160
70 106
107 108
192 87
32 163
41 124
147 177
159 162
182 124
101 45
20 107
78 108
190 143
59 182
12 87
48 78
169 148
1 147
43 64
72 13
187 87
24 122
165 192
144 41
8 190
197 138
92 187
175 32
71 48
185 174
15 32
5 97
167 103
142 15
91 177
152 95
139 91
54 40
37 51
176 139
98 91
115 102
150 71
105 115
55 150
36 174
193 138
100 94
63 143
141 8
168 108
151 45
171 20
186 183
145 168
83 61
125 55
74 107
34 91
149 55
155 183
53 145
184 48
19 36
195 72
179 1
194 64
104 125
42 76
200 104
67 174
33 162
164 58
146 171
198 182
81 23
35 49
199 169
56 179
93 152
31 164
6 176
14 61
89 167
118 24
73 33
25 36
172 118
114 104
62 35
30 37
60 19
188 101
156 114
133 192
111 58
29 90
131 122
137 101
66 54
22 16
157 182
11 159
3 137
180 33
50 100
99 44
18 171
86 96
85 184
65 147
154 8
27 176
135 73
79 198
47 147
158 55
112 200
126 3
140 43
117 173
170 191
57 103
4 16
134 155
17 185
129 175
121 40
77 160
39 191
82 17
21 164
136 31
161 107
109 141
132 160
88 55
196 75
38 19
46 184
26 145
80 89
181 89
123 67
7 162
52 95
68 94
189 186
2 183
200
134 65
44 65
6 65
159 134
189 44
76 44
157 6
151 189
178 44
128 44
150 128
5 44
20 150
84 20
137 128
131 151
106 150
50 131
135 151
139 128
26 131
28 134
186 26
21 157
162 159
72 20
144 131
113 5
36 28
53 50
75 131
167 113
64 162
98 28
188 178
45 186
100 36
145 144
143 131
69 186
17 106
175 143
168 188
1 139
9 167
38 113
78 72
66 72
74 178
160 69
49 131
63 26
115 53
83 160
110 65
118 45
47 17
15 157
122 100
129 65
37 15
8 38
93 9
120 110
166 186
126 129
141 100
180 159
61 36
192 106
158 180
142 72
154 37
121 5
197 37
127 154
29 121
181 63
94 158
7 157
39 181
32 64
164 98
187 186
51 72
116 158
138 76
81 84
169 61
23 131
183 178
11 128
40 28
92 66
146 183
27 65
163 128
4 118
46 66
86 9
96 84
34 106
43 187
200 36
195 175
59 51
30 180
179 93
91 164
13 92
67 162
184 28
140 122
193 30
24 46
16 5
182 178
55 91
161 7
33 180
148 75
190 59
77 13
3 190
198 32
35 94
19 27
191 65
52 146
88 159
102 182
176 148
89 28
149 148
42 29
70 65
62 143
177 184
185 88
165 35
103 195
132 178
56 33
108 163
60 179
130 187
22 135
117 60
14 130
54 179
80 94
123 42
196 1
58 126
114 32
133 43
125 108
109 139
153 9
95 53
41 138
10 4
104 200
156 189
71 1
101 8
112 70
82 125
48 36
170 102
105 67
12 94
2 96
97 117
136 197
171 103
111 200
85 125
124 138
99 101
25 178
87 36
155 149
73 145
172 141
68 130
57 64
79 23
174 180
147 126
194 81
31 102
119 178
90 6
173 91
199 196
18 150
152 4
107 5
200
90 72
125 90
37 125
163 72
155 90
68 90
171 72
143 155
178 171
153 68
188 68
73 37
59 171
199 153
99 199
126 90
88 188
179 188
5 143
21 125
121 143
147 90
140 88
56 59
31 155
83 72
187 68
8 140
10 179
89 126
94 73
115 140
50 163
3 73
52 153
152 179
176 153
58 83
103 126
122 31
112 21
1 58
54 83
196 122
32 178
9 188
120 176
158 72
64 90
161 147
110 32
192 37
98 21
82 94
184 73
139 89
4 115
6 21
142 125
146 52
162 121
108 176
116 153
173 143
177 121
96 126
26 73
7 122
81 153
182 4
123 52
136 177
144 94
41 26
118 173
133 125
105 199
130 126
63 8
77 32
97 94
194 161
107 188
137 63
78 176
135 192
61 88
134 116
20 6
2 162
151 184
185 136
55 20
150 130
183 162
198 54
47 26
128 133
106 89
13 64
164 137
138 32
65 78
172 162
75 90
111 198
195 135
23 136
40 139
84 99
11 184
27 77
17 40
44 96
85 173
132 130
181 21
154 3
102 98
156 143
42 89
66 161
51 143
189 184
117 51
93 130
49 108
14 112
39 135
131 164
180 162
170 155
87 142
80 121
30 80
109 181
101 99
100 130
34 123
16 126
12 31
53 85
38 126
127 64
169 80
166 123
113 133
114 164
76 1
19 154
167 121
25 64
95 110
35 78
24 135
79 93
62 180
104 96
67 127
141 136
148 95
186 27
92 113
157 146
145 19
124 82
160 167
200 178
18 53
159 66
70 134
43 98
28 184
149 179
60 24
36 95
45 65
69 183
71 52
119 84
86 182
174 4
165 26
190 41
197 63
168 126
91 189
129 91
57 84
191 34
46 36
175 169
22 144
48 8
193 180
15 174
29 67
74 118
33 57
200
60 120
152 120
45 120
15 152
73 120
198 15
56 60
160 120
146 15
53 120
57 160
177 152
51 120
156 152
141 120
19 51
168 73
32 146
6 146
81 141
13 56
116 51
180 13
17 19
189 15
137 32
188 45
129 156
72 129
182 45
186 72
44 45
176 60
46 53
20 160
16 116
25 45
85 44
174 188
12 57
164 160
121 189
128 44
29 85
9 188
3 73
113 128
199 141
147 29
39 25
2 29
63 189
75 121
115 63
181 189
98 63
157 116
35 128
59 35
145 60
108 60
178 145
76 145
119 20
83 17
79 178
14 35
41 189
47 81
136 6
196 16
102 189
33 188
100 33
23 63
135 2
54 196
143 25
36 29
127 198
97 120
28 60
155 20
67 32
111 72
163 180
61 143
187 61
70 23
69 116
18 13
192 111
112 54
96 73
195 46
91 192
64 129
158 91
105 69
93 32
94 17
126 94
7 97
159 14
149 141
165 72
173 174
84 81
92 56
88 41
138 12
142 18
5 111
66 20
82 91
110 28
200 25
134 142
58 110
184 28
43 81
171 163
185 199
148 157
166 110
90 184
103 195
50 181
40 81
8 93
124 171
87 137
140 32
131 60
42 91
49 44
106 137
48 73
193 199
151 35
144 151
123 96
154 157
30 116
170 145
133 64
80 111
197 142
150 70
78 198
95 59
34 110
161 143
77 103
24 110
191 123
62 200
122 79
139 25
31 18
194 171
4 97
125 36
172 49
107 196
65 194
74 36
114 60
99 176
68 62
27 93
26 15
167 12
183 150
169 76
104 96
71 45
162 150
22 160
179 114
89 20
132 195
86 59
38 90
37 182
10 19
118 140
11 172
1 16
190 3
101 103
55 71
21 151
175 186
117 55
153 62
130 194
109 78
52 74
200
65 22
155 22
60 22
53 22
90 22
153 60
84 65
158 153
28 84
70 155
75 155
118 90
102 90
138 158
119 60
31 75
108 118
130 90
79 31
105 153
40 90
148 79
8 118
11 84
141 75
195 65
20 118
111 70
135 119
96 22
93 31
85 20
139 153
58 40
25 11
144 75
61 40
32 105
166 96
34 28
191 148
52 118
12 141
78 52
117 40
164 34
198 119
192 25
9 138
154 12
44 90
99 139
49 85
200 8
81 12
110 28
50 141
137 58
42 141
13 139
184 65
46 144
59 192
150 96
165 9
29 141
56 9
160 118
71 78
115 165
67 153
167 42
7 96
83 85
16 195
27 158
23 50
57 7
185 79
172 42
88 8
131 135
182 192
143 32
173 52
72 198
39 173
196 117
73 108
77 184
101 191
120 39
14 58
112 166
178 75
21 115
54 160
82 54
187 99
125 166
168 61
149 130
55 150
114 117
24 192
3 24
10 50
147 61
66 40
123 150
4 7
43 120
116 49
41 31
64 141
161 120
19 4
45 185
68 135
126 49
113 96
6 10
37 7
91 77
171 83
124 99
98 120
109 101
38 27
146 77
129 8
186 109
151 8
17 13
51 110
194 66
145 32
181 58
87 105
199 182
76 184
190 181
106 171
159 198
97 118
175 52
156 164
174 117
189 82
26 82
69 72
89 43
193 138
197 68
127 172
2 9
92 130
1 165
107 52
5 168
100 125
163 65
35 92
183 153
33 197
95 31
122 31
74 183
179 107
94 25
48 155
63 27
36 54
128 58
80 186
170 6
188 194
176 192
177 135
162 186
104 192
136 31
121 139
180 200
62 191
132 78
157 171
103 166
30 70
140 96
152 116
86 63
15 79
47 94
142 57
169 79
133 13
18 45
134 145
200
31 21
38 31
23 38
44 23
180 23
147 31
174 147
13 31
105 174
80 38
194 147
107 180
69 105
131 13
192 180
40 192
18 107
53 18
185 80
176 180
16 131
86 13
39 53
127 192
121 40
33 185
12 80
103 69
132 107
139 53
175 127
46 105
56 53
102 12
145 192
181 40
27 180
72 33
128 53
19 86
64 13
4 180
95 80
30 56
188 21
197 175
35 86
70 16
66 4
191 66
82 35
148 64
11 105
29 191
101 23
26 38
6 35
55 139
123 12
63 33
109 192
81 6
155 102
93 33
8 176
57 86
116 107
41 116
106 109
100 72
24 191
47 70
98 53
84 4
182 55
170 26
83 18
134 174
22 55
2 103
104 192
160 8
189 86
151 107
97 70
162 83
77 13
115 24
179 185
52 191
125 115
153 134
114 40
142 114
37 80
120 93
165 197
49 151
75 175
130 12
144 132
91 174
20 153
187 33
143 64
184 144
94 29
199 12
108 57
90 147
186 125
138 125
154 64
177 66
28 128
67 13
141 70
87 28
133 125
25 72
32 170
14 144
161 66
68 102
171 26
163 18
178 83
124 38
140 179
9 132
164 21
193 108
15 187
119 39
92 194
10 160
159 37
183 6
59 183
149 134
152 116
7 52
3 18
129 125
157 125
167 49
50 192
122 147
88 124
166 157
36 130
48 40
58 10
54 159
96 48
60 179
135 59
136 177
5 151
173 98
146 98
43 39
89 151
118 107
126 193
62 23
73 101
117 115
168 121
112 91
172 8
200 60
156 134
1 125
113 189
195 145
158 146
137 193
45 52
196 126
79 14
78 80
150 32
51 152
65 178
99 65
110 75
17 118
190 50
198 181
85 43
61 171
42 11
34 65
71 164
76 6
111 51
74 2
169 116
200
124 40
139 124
155 40
36 40
26 139
113 155
33 36
46 139
115 26
78 40
49 115
177 113
121 40
152 49
60 26
183 46
42 155
179 113
145 49
96 46
83 152
93 96
5 78
149 115
17 33
86 40
71 33
119 113
63 152
19 17
7 5
198 33
108 93
11 93
120 183
37 96
101 119
59 49
92 198
153 108
14 60
44 120
70 40
102 42
170 33
132 121
18 86
107 92
76 83
22 139
47 152
61 59
99 139
157 49
156 49
41 156
135 83
143 42
90 33
58 135
184 102
31 14
43 157
104 47
178 58
128 156
127 71
68 128
172 96
66 107
54 58
137 14
163 46
111 43
185 155
159 183
181 104
169 153
95 119
192 44
98 61
173 185
110 68
112 14
175 19
134 128
188 86
6 155
79 86
16 47
164 153
80 179
4 33
89 44
15 26
85 54
117 96
10 92
148 31
13 119
64 83
97 83
57 49
62 155
12 117
69 178
197 71
52 16
116 59
39 52
138 43
50 14
9 156
131 153
100 102
84 175
34 159
88 71
94 90
35 89
191 102
187 36
38 50
3 88
194 157
160 111
67 119
75 197
77 84
53 139
161 134
182 67
130 62
1 70
133 10
56 137
123 135
162 1
51 9
141 138
151 31
195 35
125 34
186 102
55 102
28 3
165 77
45 132
81 102
21 12
168 152
114 39
150 184
103 124
74 46
190 128
158 47
144 159
24 177
65 46
32 188
29 26
200 99
136 65
154 127
176 148
142 13
106 132
30 115
118 125
91 57
82 120
48 154
171 176
87 125
2 90
147 37
105 187
174 198
180 80
189 127
129 145
146 174
126 189
23 183
20 181
166 116
25 147
140 89
199 135
196 140
8 68
73 48
193 149
72 171
109 78
27 154
122 83
167 47
200
10 26
66 26
177 10
73 26
136 177
176 26
84 73
78 26
74 78
128 78
127 73
99 66
150 176
134 73
115 177
47 150
129 134
123 73
108 73
20 115
97 177
155 97
105 47
35 129
54 134
56 47
9 99
92 150
40 78
124 128
46 92
173 74
156 177
182 128
87 84
169 127
125 182
192 127
143 35
25 136
11 66
69 11
57 129
164 115
88 108
139 92
153 73
96 69
113 143
31 25
50 46
102 57
33 26
174 11
106 115
118 156
28 9
190 28
194 127
195 35
196 46
81 155
71 26
30 174
131 115
171 84
93 153
167 176
65 123
148 26
61 66
64 66
37 190
175 139
94 123
199 97
116 156
34 148
79 93
6 123
191 71
135 37
2 164
39 173
27 153
101 99
157 88
60 174
49 177
198 124
98 2
170 54
144 96
41 195
24 88
17 177
126 41
147 93
4 46
187 175
19 191
15 50
62 125
85 171
109 17
12 94
89 94
151 61
55 24
95 71
59 92
82 95
100 10
80 173
183 129
184 144
193 74
83 69
32 39
185 128
159 164
160 17
121 79
130 39
110 64
142 85
3 82
140 185
178 121
13 74
36 115
154 50
76 175
29 144
38 81
145 98
16 40
200 65
161 121
197 115
180 94
68 116
14 29
138 192
120 16
75 105
165 169
86 32
112 26
58 50
43 35
90 147
103 17
189 180
111 139
168 93
146 2
132 74
23 143
162 170
114 32
44 100
158 71
22 102
5 157
163 57
149 28
42 144
51 176
1 162
77 12
179 180
72 92
166 103
104 98
21 129
141 171
52 41
48 138
188 124
186 180
117 42
137 11
45 37
70 183
53 174
18 11
7 24
172 102
67 111
152 97
91 118
181 172
122 50
119 95
133 114
107 148
8 4
63 193
200
36 174
189 36
155 36
10 36
107 155
194 10
34 194
151 194
54 151
115 174
132 107
196 36
80 132
139 80
84 196
200 10
136 196
43 155
58 194
78 189
156 139
59 132
86 194
166 10
99 10
49 132
168 196
48 10
123 156
103 168
102 166
24 200
192 24
65 59
121 107
167 58
45 107
63 123
160 121
116 99
120 65
105 54
22 189
69 132
178 174
158 78
39 78
70 116
18 178
142 116
28 105
112 189
108 168
16 123
145 22
144 18
106 132
79 142
186 39
122 158
185 123
184 102
161 139
81 115
11 102
87 11
47 81
62 144
96 174
6 87
52 136
83 54
66 116
150 28
3 168
31 132
27 79
199 112
8 108
182 167
162 122
35 166
25 136
97 8
180 87
128 122
129 151
92 103
143 31
126 69
175 103
127 63
60 116
187 132
56 86
23 174
141 182
88 49
46 128
131 16
159 156
163 167
130 122
152 187
193 3
93 66
5 160
197 66
38 43
44 150
30 56
118 44
98 145
134 120
75 63
133 145
50 178
32 8
190 36
67 123
137 93
29 116
181 127
9 67
154 63
1 163
195 70
17 106
14 159
51 44
169 58
148 70
71 134
110 130
61 178
7 200
33 139
64 126
100 200
15 123
138 14
119 136
177 65
91 70
153 161
21 151
113 156
89 97
40 91
94 22
20 33
55 133
42 142
13 47
12 100
41 69
157 67
37 108
109 8
101 37
90 196
68 152
104 120
147 134
53 67
117 32
85 49
164 52
26 200
191 153
183 42
135 183
74 96
82 183
165 69
124 91
188 121
57 156
4 116
76 178
172 55
95 153
170 172
125 40
149 98
73 127
114 67
19 184
173 70
179 28
146 199
77 156
140 45
111 69
171 197
72 195
2 199
198 63
176 150
200
118 185
156 185
179 118
164 179
195 179
146 118
168 185
170 185
106 179
23 179
50 23
14 50
38 146
35 170
181 164
53 118
90 146
89 38
133 146
186 179
43 133
109 35
19 146
91 181
82 181
158 53
61 164
115 35
136 82
183 168
145 179
182 136
62 50
191 170
67 35
59 146
174 145
47 164
135 89
10 62
111 19
132 146
6 35
32 146
138 35
122 38
127 122
42 174
63 47
78 182
184 63
15 43
11 35
30 138
137 179
98 62
56 109
80 62
17 90
121 38
5 174
102 47
28 98
24 181
34 184
190 115
178 156
134 5
177 14
72 82
9 145
112 183
130 61
79 127
52 80
120 137
45 28
81 134
125 106
73 182
44 146
54 137
18 91
144 67
148 132
60 178
123 148
172 120
157 168
143 6
7 54
175 177
160 18
119 145
124 78
114 136
65 160
58 174
101 168
105 28
68 50
189 9
26 172
196 182
77 18
166 191
8 6
152 11
200 191
95 166
39 26
142 166
31 195
187 8
40 6
128 73
188 177
169 181
57 111
46 181
99 28
129 127
110 67
139 98
161 105
192 139
141 157
85 152
167 130
104 40
97 53
41 62
103 182
147 134
150 164
155 141
64 160
126 170
75 184
162 160
131 102
153 141
173 130
165 23
198 109
69 166
171 114
83 34
86 77
12 112
1 57
37 52
180 119
25 9
16 1
84 150
159 46
76 186
94 184
2 150
107 12
117 150
176 158
93 52
113 57
151 54
13 42
154 117
4 7
55 142
71 154
163 39
194 19
96 80
36 80
27 172
108 109
199 151
20 81
29 62
140 117
51 125
92 40
48 155
21 51
193 120
88 166
49 38
116 52
22 38
66 105
3 184
70 162
100 57
197 147
33 46
149 89
74 20
87 83
200
18 176
39 176
92 39
48 92
120 39
200 176
85 120
1 85
90 85
112 92
155 1
40 48
179 85
116 176
32 39
122 90
113 40
97 90
9 176
51 48
84 18
158 122
174 90
19 85
121 176
17 113
110 84
193 90
117 97
164 32
171 39
2 120
64 9
145 85
198 164
93 155
78 174
68 48
96 17
46 116
114 112
86 110
196 19
38 158
197 113
69 51
169 18
146 164
173 48
105 86
187 113
194 18
31 113
94 1
140 2
10 173
166 105
49 122
27 194
65 46
111 155
25 120
58 197
76 145
147 51
109 194
119 173
127 196
95 17
4 187
191 111
108 95
136 196
103 187
63 179
186 48
148 122
79 155
160 119
175 69
24 200
195 127
20 200
154 117
15 112
190 27
102 174
98 58
70 186
88 112
80 108
123 176
199 187
189 94
170 155
54 25
181 122
16 15
143 181
124 84
172 79
134 69
167 154
8 186
182 122
13 155
129 172
178 176
152 181
135 122
101 193
21 58
42 112
41 18
162 190
149 10
47 110
132 198
99 112
45 113
91 164
36 164
159 108
168 173
34 154
53 160
142 94
3 170
192 102
77 197
71 124
161 110
82 195
188 123
131 179
106 143
74 45
23 135
7 178
138 2
50 93
133 2
26 112
157 155
153 190
52 54
67 4
12 86
128 124
184 34
44 147
62 46
104 19
11 186
57 64
73 26
118 101
126 110
183 186
14 169
37 68
177 26
165 122
55 9
59 15
43 7
61 63
75 9
156 169
87 42
83 170
60 17
125 10
100 79
163 178
180 74
89 31
56 84
30 182
144 159
150 16
35 167
28 40
81 52
137 184
33 134
130 190
72 79
107 98
5 148
141 181
151 15
115 67
6 73
29 32
66 58
22 132
139 128
185 101
200
81 97
10 97
48 97
72 10
5 10
152 81
15 10
161 48
41 152
183 97
47 183
96 15
195 97
12 5
43 15
190 12
192 43
6 10
193 6
129 81
101 6
104 48
131 10
185 129
167 43
74 190
76 167
42 48
127 5
45 6
66 43
158 15
75 97
68 72
100 68
34 10
128 45
171 101
111 75
147 47
139 129
194 128
173 100
198 183
108 75
191 74
1 129
169 185
56 5
107 96
196 171
46 191
89 173
71 195
16 74
172 48
160 75
150 97
174 12
88 16
18 56
35 108
188 100
38 5
83 173
159 72
82 97
31 81
62 198
138 185
112 74
99 193
24 68
179 34
146 183
166 171
123 16
90 108
51 188
186 46
153 123
133 190
143 127
187 198
125 97
163 68
60 179
49 152
80 111
105 96
21 48
130 185
184 150
70 192
124 82
162 139
94 160
182 104
189 163
84 194
142 70
178 186
115 184
54 105
2 142
58 192
78 171
27 163
4 35
64 196
113 184
14 160
17 72
85 188
53 158
102 171
180 174
149 89
200 35
154 88
181 47
98 152
79 49
92 128
32 82
36 193
151 113
37 98
157 113
50 88
148 68
65 152
95 200
8 27
106 47
63 157
144 185
11 158
126 10
116 45
28 70
69 65
136 125
165 83
110 187
33 80
137 138
168 182
177 74
117 172
61 36
119 12
141 33
199 117
114 143
30 78
155 99
40 16
57 14
93 157
87 58
39 18
3 160
156 30
164 149
77 37
73 192
19 57
13 90
176 127
134 19
25 92
9 169
135 156
109 5
103 56
122 102
118 123
55 27
20 144
145 1
91 151
132 199
120 79
197 142
170 31
175 91
23 153
86 151
121 148
52 19
7 8
67 85
140 128
59 111
22 87
29 68
44 142
26 147
200
91 197
53 91
188 91
28 197
27 197
168 27
73 53
140 197
64 197
14 91
40 197
18 188
177 64
152 177
151 28
60 73
130 177
143 197
56 18
137 53
125 64
86 91
122 188
158 143
88 86
111 91
37 88
126 73
42 18
66 28
153 177
33 66
75 56
67 18
16 122
108 16
113 130
55 33
26 37
167 75
94 33
62 151
96 137
12 28
99 126
13 66
149 26
31 73
179 152
80 75
17 18
169 153
116 64
138 12
41 111
117 197
166 130
2 197
178 13
199 80
146 122
83 168
136 42
54 153
127 197
85 177
38 96
124 28
165 62
145 94
3 149
61 42
115 116
104 124
35 27
192 124
157 56
20 179
144 80
187 28
30 152
102 166
196 56
114 20
175 41
174 138
76 28
170 12
51 116
81 104
172 60
68 104
121 54
173 179
95 104
70 80
84 152
150 26
15 68
181 3
162 127
21 2
49 62
46 28
147 13
148 42
44 150
184 51
185 56
59 178
22 197
47 138
74 84
4 88
93 75
48 38
10 68
156 127
98 30
142 158
118 184
180 83
171 102
100 152
65 104
69 20
105 179
155 121
106 12
193 40
82 117
195 142
200 2
71 181
97 146
190 138
119 145
23 67
139 69
194 168
9 102
135 86
112 60
89 125
110 54
1 139
159 85
8 156
52 197
141 68
78 117
45 15
92 197
39 96
186 168
72 173
25 151
36 48
32 106
133 148
58 170
43 133
50 59
198 172
11 104
164 61
134 49
107 40
191 125
176 156
154 172
163 15
103 134
79 78
90 31
120 92
6 52
7 100
189 65
109 38
123 120
101 52
182 58
29 137
87 155
57 47
63 78
77 7
19 63
129 116
132 19
34 70
131 198
160 127
161 92
183 70
24 127
128 107
5 25
200
43 172
36 43
58 172
88 36
68 172
72 68
195 68
25 43
161 25
46 172
3 25
126 161
17 46
175 3
171 43
117 46
13 68
119 25
26 25
21 13
56 117
19 126
115 172
166 195
131 88
127 131
76 119
67 25
6 171
32 172
196 195
173 32
190 13
81 3
64 6
85 131
79 85
155 56
178 58
177 13
61 32
134 13
38 131
93 46
130 58
33 85
62 131
139 195
30 68
60 67
84 6
157 64
78 58
107 85
149 155
114 26
194 88
181 36
75 38
2 85
162 115
11 32
59 171
14 126
188 56
99 43
113 68
18 99
90 46
45 58
156 33
200 113
187 59
80 81
20 17
191 64
121 61
4 172
140 84
82 30
83 58
65 82
185 56
118 80
133 32
57 65
74 33
12 175
146 64
160 46
125 178
51 191
197 162
169 80
42 90
108 125
29 134
101 45
71 118
163 121
189 188
37 187
143 36
87 43
7 177
39 108
89 181
103 156
34 78
152 189
111 78
35 42
137 163
66 134
176 38
97 19
141 194
138 33
54 82
174 14
167 81
183 140
170 127
49 75
77 134
193 68
98 62
24 65
179 117
50 169
165 138
91 4
104 13
159 91
180 140
144 29
192 152
52 173
110 176
28 75
15 7
164 34
182 121
147 52
198 161
73 165
129 6
100 51
63 43
27 65
70 85
151 173
102 60
184 165
123 103
48 56
22 190
94 64
31 80
106 181
158 68
55 79
23 76
8 140
135 50
109 175
53 2
136 58
9 54
96 19
142 72
95 125
1 11
124 174
168 200
41 192
44 73
132 138
186 139
47 85
199 133
16 88
116 73
92 171
120 49
128 139
154 146
150 51
5 64
145 22
69 200
122 123
40 6
105 38
153 36
86 116
148 86
10 57
112 176
200
160 43
139 43
132 43
103 132
174 103
85 160
14 139
159 14
70 103
119 132
156 174
184 132
35 70
165 139
15 43
109 165
108 119
82 119
97 132
144 108
101 109
38 174
37 97
183 103
175 132
41 109
143 41
91 14
77 143
149 37
166 15
182 139
105 91
73 108
20 119
178 165
121 143
39 178
54 82
186 85
153 144
158 41
150 91
102 159
2 108
110 139
147 38
196 105
130 158
62 97
8 85
78 103
3 150
129 3
23 82
86 105
114 144
34 144
193 14
44 108
172 159
68 193
16 144
140 23
179 132
80 38
63 129
81 139
195 179
90 179
64 101
161 73
25 63
67 68
11 78
49 77
122 64
92 175
57 23
164 97
74 101
27 156
26 81
168 64
157 77
134 90
46 38
1 64
118 78
60 186
145 161
180 39
10 168
98 102
33 179
173 105
187 90
152 166
17 70
72 168
117 174
197 195
127 23
116 3
107 11
189 86
7 92
131 86
22 145
51 17
19 85
65 22
61 184
95 174
42 39
124 173
94 25
48 174
83 119
52 109
171 186
141 159
163 164
190 41
198 145
191 46
176 122
21 85
100 16
45 164
59 34
69 158
125 164
142 172
135 140
99 94
32 158
192 150
58 44
188 143
84 176
136 173
126 102
28 52
185 74
96 119
56 126
104 149
30 168
128 39
12 175
5 139
194 59
40 10
181 117
71 32
93 196
111 143
9 82
154 147
200 92
151 142
120 102
76 108
89 40
87 28
146 82
13 72
50 45
24 125
79 78
66 130
4 89
55 2
155 119
133 34
115 190
199 46
167 161
137 105
106 84
31 86
113 141
36 12
112 186
148 171
47 133
170 15
88 200
53 175
169 20
177 121
75 107
29 135
18 56
138 130
123 57
6 144
162 200
200
36 171
40 36
114 36
115 171
197 114
168 40
25 114
67 36
77 36
109 67
56 25
116 77
137 25
16 25
165 109
57 137
183 36
79 114
194 36
195 197
191 77
139 114
105 79
123 137
143 197
84 16
32 114
182 139
4 105
60 36
125 116
176 139
160 105
52 60
12 183
111 115
43 197
101 160
45 109
88 67
49 137
134 36
154 49
120 183
61 191
20 84
22 171
200 88
102 191
190 22
141 61
58 123
106 43
17 200
152 106
131 60
69 137
18 77
113 43
19 194
10 36
140 61
33 56
148 152
46 182
166 43
185 165
44 67
172 88
80 123
124 88
196 19
3 40
188 137
96 109
193 67
149 22
112 19
31 36
73 143
86 20
29 10
68 31
97 22
50 69
76 190
47 16
117 148
28 176
66 165
64 111
82 76
181 76
142 22
89 117
162 115
163 148
135 168
11 194
199 143
7 152
159 124
24 79
30 76
119 137
110 112
21 171
132 143
74 61
108 77
5 88
155 32
157 68
71 105
26 47
59 67
62 68
70 157
9 43
39 154
23 199
13 58
138 101
151 56
27 191
153 114
121 106
38 44
37 39
35 40
92 46
94 31
100 110
192 68
63 33
103 137
78 46
72 195
98 185
81 163
147 63
133 105
65 191
177 115
164 188
145 193
179 52
104 196
42 4
87 197
187 179
167 183
85 100
83 73
122 148
48 113
118 68
8 119
150 96
146 38
41 168
53 5
144 142
75 42
169 195
55 157
34 46
129 79
93 109
184 10
158 188
15 150
173 146
107 44
90 32
189 118
136 57
178 67
180 28
127 84
1 199
126 53
6 110
14 63
2 72
186 62
170 164
54 70
175 187
130 11
95 27
174 95
91 178
156 58
99 174
128 155
198 105
161 35
51 127
200
142 131
108 131
56 108
84 142
176 142
96 142
95 131
19 142
156 56
144 19
127 156
2 95
7 131
185 127
179 95
191 131
164 95
15 108
172 84
150 156
104 84
178 2
82 104
66 131
106 150
1 2
169 150
186 179
83 172
80 82
158 185
182 106
4 19
146 127
154 84
134 191
57 179
28 56
75 172
140 75
13 57
124 164
90 178
69 57
149 56
105 150
171 131
100 144
20 56
165 28
62 106
47 142
160 156
174 90
151 56
71 104
162 158
29 151
197 144
52 62
45 150
88 62
78 4
86 182
17 150
92 66
161 156
61 90
25 45
70 158
195 25
139 70
183 165
81 178
73 134
145 185
24 28
111 19
46 29
39 82
200 56
40 66
102 185
113 84
152 185
133 150
177 178
192 46
188 83
148 69
68 78
107 164
9 61
10 83
119 75
166 24
184 131
153 105
42 113
159 178
26 25
101 174
128 25
98 24
137 192
14 13
194 164
33 52
135 174
189 98
30 188
198 78
72 134
54 197
27 119
67 186
93 198
16 195
23 13
121 174
196 92
155 101
64 7
53 105
190 119
99 111
41 160
18 124
143 62
89 19
167 29
141 135
109 108
193 28
60 16
115 111
63 185
22 52
147 73
199 192
34 165
138 142
74 68
91 29
181 83
59 9
122 171
118 131
49 41
136 199
31 189
157 89
58 109
44 41
94 96
32 52
76 14
3 160
123 164
38 80
97 100
51 56
12 194
116 84
175 161
77 108
65 41
35 91
173 65
5 59
43 198
8 28
37 172
130 177
6 156
132 20
36 141
112 62
21 194
114 166
163 52
87 123
79 7
117 47
120 197
126 120
168 120
48 115
170 41
55 179
187 165
11 181
110 175
180 54
50 179
125 78
129 157
85 8
103 134
200
63 143
111 63
17 63
121 143
127 111
36 111
176 127
9 143
64 143
6 176
182 6
98 63
3 9
84 121
28 182
59 182
91 176
66 17
1 176
174 121
94 98
193 36
83 17
93 182
195 94
198 195
15 93
44 6
134 84
80 195
191 28
49 1
37 36
118 198
150 84
138 17
157 176
144 94
38 17
124 198
170 176
57 91
153 64
85 176
177 98
53 176
97 93
109 153
62 91
51 49
88 15
114 44
46 114
160 143
199 93
2 98
60 170
18 193
125 138
163 91
197 125
113 18
40 198
73 9
4 124
152 49
128 53
71 94
24 84
8 57
158 91
139 177
117 170
32 73
41 38
96 198
154 160
92 193
26 160
34 84
132 37
42 118
187 114
7 83
55 191
131 62
78 28
58 66
140 78
69 170
12 17
56 15
86 138
11 53
181 12
196 150
130 160
108 191
122 154
72 181
180 96
31 49
161 4
5 9
70 7
43 84
95 59
164 128
54 161
168 95
47 182
74 12
183 197
126 144
76 177
159 197
172 183
52 62
189 34
68 159
145 193
147 52
21 138
123 86
133 138
77 86
20 183
25 98
185 84
90 26
89 117
103 96
184 88
35 4
105 68
107 15
190 42
149 122
135 59
186 18
61 133
175 114
81 128
29 135
167 17
148 36
27 160
119 20
200 46
178 91
14 149
137 88
13 29
48 130
106 98
116 180
101 199
33 48
112 62
39 61
100 76
115 5
99 29
75 200
151 13
110 66
129 143
67 38
188 149
141 172
104 74
50 11
165 119
192 165
155 129
171 110
19 135
120 68
10 118
166 86
87 137
102 197
136 39
30 35
156 28
162 68
169 162
146 106
173 101
16 24
194 103
79 104
65 141
179 25
142 171
23 197
82 115
22 169
45 39
200
112 185
125 112
33 112
196 112
105 33
181 185
156 196
27 105
197 105
118 185
101 33
86 27
173 101
6 185
106 185
39 105
71 101
13 101
65 106
41 65
142 173
3 86
189 6
8 125
133 13
45 189
148 101
32 6
37 45
163 39
110 142
97 65
123 106
22 39
21 86
149 71
176 13
87 149
92 33
146 13
79 163
99 39
14 148
42 185
57 197
84 149
67 156
29 99
64 27
116 146
179 45
154 84
38 197
55 105
161 106
169 29
53 13
94 22
115 105
12 94
24 6
165 97
141 169
16 161
134 125
153 87
147 29
82 123
80 196
132 154
188 38
77 94
50 141
140 32
52 79
193 134
46 38
159 45
137 53
171 3
158 181
9 87
4 147
20 92
192 53
17 53
190 179
120 80
144 37
131 179
66 156
34 137
157 97
155 55
108 106
129 80
180 131
107 45
62 64
186 188
35 53
36 142
44 32
102 159
93 102
104 66
151 41
111 189
166 12
10 161
85 115
49 97
75 153
23 12
69 44
73 82
136 188
56 197
5 55
145 115
51 6
70 97
89 79
174 154
26 108
11 80
135 37
126 196
187 105
1 39
40 12
95 41
184 10
59 94
7 116
30 135
195 192
200 69
2 188
63 188
199 147
81 165
76 188
122 185
72 1
128 93
28 106
194 120
25 187
167 69
113 158
172 145
119 188
127 25
47 6
162 2
114 36
177 95
31 177
78 165
175 78
191 77
90 131
100 154
58 163
18 110
54 113
150 90
103 6
160 65
19 108
178 156
170 9
124 188
121 157
91 170
48 115
138 114
98 199
96 156
15 106
182 77
198 54
130 81
88 102
143 94
68 108
83 92
139 159
168 172
43 52
61 94
60 75
74 108
152 40
109 171
183 52
117 80
164 132
200
56 103
29 103
165 56
62 165
106 103
75 56
49 29
133 29
101 49
31 56
8 165
91 62
70 106
72 103
73 29
160 72
74 106
92 49
105 160
155 75
190 73
66 155
23 165
78 31
52 106
84 92
151 133
21 160
108 23
69 62
184 52
118 73
127 69
25 92
142 69
124 127
79 62
63 155
140 105
117 84
35 127
39 106
187 108
198 133
86 108
83 187
158 108
34 187
14 106
200 142
5 83
53 39
195 101
193 53
168 72
137 73
10 5
128 165
3 84
175 23
44 69
81 92
189 142
98 193
134 158
61 158
114 70
2 25
169 44
30 5
157 31
13 44
76 169
147 190
12 155
188 53
16 8
90 188
107 72
45 195
145 137
7 155
27 134
119 70
95 8
47 79
57 103
60 8
59 25
54 79
110 158
181 157
136 103
176 157
33 136
1 72
178 49
20 86
149 76
166 52
152 98
41 137
24 66
112 21
183 76
125 152
64 175
115 76
77 136
161 108
123 95
164 95
6 31
126 160
82 6
9 157
26 145
129 56
150 134
199 69
48 14
4 30
174 44
15 198
180 137
42 30
88 108
122 1
36 75
148 119
37 165
154 151
135 47
109 110
197 57
111 81
22 181
170 176
94 9
71 73
87 169
167 9
11 123
179 105
131 83
32 44
28 124
146 73
43 54
51 112
130 21
67 14
40 2
162 3
182 32
172 145
80 166
121 108
99 43
191 105
153 140
18 98
138 48
89 33
38 121
46 70
85 79
173 181
186 170
116 53
171 116
163 44
104 189
17 135
93 200
185 109
55 71
143 151
100 62
65 10
192 190
177 162
194 40
120 9
97 106
113 6
96 30
102 125
144 107
196 33
68 10
139 45
159 171
156 135
50 73
141 193
58 194
19 49
132 82
