0.814700
0.433100
0.630100
0.914300
0.495700
0.358100
0.621900
0.591400
0.691900
0.338400
0.633600
0.787300
0.768300
0.589700
0.734200
0.474900
0.321300
0.948100
0.731700
0.477900
0.380400
0.664200
0.664700
0.486100
0.898700
0.551200
0.623900
0.355700
0.878700
0.823600
0.417700
0.466000
0.308100
0.527500
0.963500
0.410800
0.305000
0.807000
0.752300
0.840000
0.316100
0.430500
0.576000
0.816800
0.328900
0.664400
0.967300
0.912900
0.534100
0.777400
0.468100
0.787900
0.428700
0.311600
0.906200
0.670700
0.354800
0.351700
0.523600
0.495200
0.523600
0.491500
0.990000
0.876900
0.820900
0.706700
0.801800
0.967000
0.875000
0.766600
0.588200
0.734200
0.740400
0.621700
0.423700
0.494400
0.860500
0.375700
0.494800
0.677000
0.804500
0.890000
0.953000
0.951200
0.365700
0.827600
0.718600
0.405000
0.355600
0.517900
0.832600
0.624100
0.330600
0.741600
0.530100
0.393900
0.331600
0.319000
0.595400
0.845800
