100
418 114471738673710703501301965845582918288301954683362343483166393727769109945020537213210
974 115277729959420565137840051621237932796911781437856610696570711749486568260162639006364027048167698609593984402014782099827360435323258972721826218560496272856610871799347501392116588898742033701660439947
821 1120287398118379312563668280541210854666639168822375235564737184349252051059171914276226662695689776461285261084454066336283366582027907851838066631719586888160604011331723
397 9405375175801959349318619264950200025742166929549444741338751641873889433820875743
697 14530156020891001404221461340991506211074138461222044373707283230118032421374538201674377277942122700122739201874462503848440250437996318727219921
655 28975652569224725885821815326260511841446694945551225268845482414566819742090606600755499542115155781234884263569985949484509352578801802
218 576057642502130823567645488176838440776256725
173 284346258894932350861792693260549342
805 220047880196304152484926614016847953849153839642376772327247348766943575316829934282400177508517696694610340792698035444856935971374902798077966186348826743244113210632
136 6873920977609518086168090948
591 13765779819411755647629503048421078623715539355003533672829464784309996580640806752966780552320038059784443518640843402514
479 1852479715717312169156028178789829276993131092592418524631460199118085187606024611600547229574848781
297 2993863421028250630575051282473618140186774766821161857705146
55 5005011222
957 34025407822795936353926519591243199604549623016167799111166256676321170445537030265094386426271362800142266451351268037181210819062275788145601027806971954705290816538101370084354113507732754992720980
893 1395116716203847651680413884392388140291306576224445707753245532875022859943478597864175662002993967421442175086042635291918074441629072363470998039349443133508369307482504934556005979077
482 10385544673569514967864700679103919489762322834265483487375462693961337973997176638506351637185467077
848 651928065749607770858019894169566256348021622898392247011109255681915664202698464623227167952144924283148009950087781398611242374411458334794367539232318449806156484509749008370
598 52961578076576535526103237414288641838421108908666166370571312456430244469597076981919379001447961465843593495775998810630
756 40308252919600313019446537427368932800896080175266514900429362216122540412029819119959591013499746774938590206280828341829591976919395057628438713546326224840
113 35530802235527240512794
435 1663183454327881920002771007318267956936869724373699325939125758893307032374496427281280952
774 197760834869614081898995045309289026001359695737077339624993119395056398738879766679690423736585072785323503553074084679665565050807360146043429075603500659486680
865 1449345539433920018309544316482119594137023727230246144349423157181099529087428451448194069833519698636272279135350118965638387306657360543399848671668119448756320879480666346544917
872 49690210432651378608289594652780403471323307523269841758701652051209974959790022457232051171855553652137771094461973998387978425249865558527309805008090507084280265428569873122200606
826 5737524491284393887285436855641806203353898188269425560664165549668134769593610516205900095606276810800675718485923162301644616099923625033340231394276138714516545499524297
391 662592068951986490713084652725211766972896865342184191330399368370158520833584774
576 457339079377305893935864191500294980616159681864006329071442778152992431446088043721830195229158961897115271309930608072
441 46794524028907627408933573570113804872296543494553581917576480971180644051962936019987976186
233 1045070599794119134400792081051679834357782681142
720 963910594750588713335908682116114301279112601356363990020420514365316067861089174247471503942392860744398639432660550093839235196673155361630368212232
457 87282692275866935468025484251892612525862260110470415709141333998418951282007080840222374616547
293 3112629297410357702861966244241593021626047546412170593698930
662 357118475722286637887817566060660109907914352864912147677120998884539806301445985717875889456691987467239009679283079160621176374172625082
762 7851755103867737571784000128299208793070669240323773923343769601558418962513435328825517879273848114246609729822437787087419393198459929275631090648943198696
553 16249963962792211530397293953296140716281040075189565552766604072767185068029470918109246712977620791527935283113190
95 3654256728549084762
822 2352543716496548529035153204063633069717893908712978656771459801476328562111343357284679429666509932411789023336841685601507341354872168602821913390735621286698854818707576
47 377755512
218 576057642502130823567645488176838440776256725
248 5913222996844582124699577624435494301534098970737
115 317448956353945454707982
1000 3557877275032343241059839031943218658767228785180351973442703671631180181641596242899733415108868189348702734637841780181174084154495648519581247376314164199222946975040313076285221696946501574511683984047237
897 7651722985581164448834031594830638831555679600682210650691494222209285161000156750804053636568616195630978123709072390921023711037320908075435718489816639089192976419484944783690478768824
105 159825456874929226292
884 7477199087994524116999684847600833052705130145435162252221433255088767154484833436747824380258939169266176360832305949185554626048496997138915969223620417805950029511922206075914307422
863 404123834770785448502162497684432662036584360084261441129200673860259551252253378529700537285501549647523309063264841560722928888229246983797522516579858350154645790713793399631642
880 1416976777032228828389171266374945560032455615972659820312952128310376282594896656738780224867007746488488933464712961712013259819200404007160720312918203284455625261991400833400308077
252 6549488382740963987480900924015716929267812163810296
921 346801739972080638930358018400686408438287933016905611091352421990500223663199954739049201333032525930779213156650758620334535520896214566423384747804303923942194828816524642239117881544296546
621 2673218589907373636207687160944573065681336123487989261824395678528985626565030373481621672959494796890514458707257202508382663246
554 20522445441577654072412344984323229939944463131295975459595205859326150267697267561910456801858000284971508864909950
389 608623105235347162817707620047205680340198697652016056516644278153762303379418196
660 135992171866353626371647746510761993317519665773981778097910041549375629818715426966179971118455643669881549222353968143364118816593316072
969 9169100486090855034386581322179642986574904153159575649860777454571078225447197593211950459204501820566023346241033484843240182917081249924688509005015326383050524300754666688712163795856815461539561240
767 8440198111321071325761291511004608612313834607080251285595381146288566351403985763292890943148876377392903777571327313565112128827088651646791032911344303572585
87 561902166076150166
705 501567301828616881469457110281235155154467911900041889769260551700689344505643892876263635492863391185157413620925176998520092203821329255162903012
625 1138311775107733377924726799687209269714971018540628886192166454898803651746287479179956330036190201668595025104928052197309261112
593 1768964526834217936484369543310172401683470136867436486391690277841721272751183884734065387456669202465981723008229364272101
902 29141851160765247171723442943405849951567984109760710791967731035578567583746619514736527746713503930808877479309889220426170599247569683027711861883482541700272856626826606873507348535058
430 71547247107691612095657437918224920140247830370650300138899766134172278718853445329295862
253 9752165033671883773204749775724985174583526042221660
543 132064515387513361876507458584866696572138962324082788088864618462886834597290400090424729583753711390620855167064
492 870120667340617029152799607854004192546953713078585923127152222902748240867712093822294811409134839288
274 211880512565367563649420293438025373502761908497874856748
98 134134374041373168946
431 232073936983366387074276108817857128521750831138230684790348712988269509875442621380495205
396 12814234441671247839984917414247982992970142564488445397244086461796804780291053000
846 266893257386350350330645350110848842094490047907028657095344299403742358733737629855380630992629852194104920414184375966683096995953757340003308737944316408650665332470831090544
23 26423
615 45353959312603403310350306022548278629417800466142308676594397312424003339618336125447153480673986200606151017465665731045429352
202 357314199857185856934572933554406187911369
92 627074572896622220
453 14588670033121212107548131986681807052634271112244003395958758951623442418182984651258959268730
864 1401892839662764770789417541369238369566609800338797483013387825176244845806439335843673467879703158083038837020007247333920158123028523257072576375647416752048826974133914888479944
639 15182671206264746296667732251196973494343874755521266184626215465194268753361688275897973383788142571823891333623774879663097363938940
368 1600025936598329721302766152059986586713862347845561318006038833071649270092
148 2257554638736998702782539791180
785 20927634976568599945390729456149375710191170743658570631244340089434568990933088477689487209090513926273971291958393531867002744868870915542413501230460948274591587
742 33976571034677205169908302575863839259142365407858605779211935034142491001857002472528483699565399723506442815850430276563369530332827447800310230779391578
977 291987446791216134907948842453217374221070444882963675807462743594950536760075599602555189059207753765593534332244177992718005808811558105091800027677768531130797278437790051164761549872294663492066850441
340 19229356397716705545282966054050287473512090515047078664536584188237262
393 688835677531154569863472936539326171201983112435817436924532884892656634681906752
592 1279697727425674737768341822485739751652001759927415240177458434357053168782423595069835792012470923376435585776699297976191
6 8
400 151210539414256935719518244536375319063405384575012713888985809126731991480386055212
26 117104
845 177762336496645112345521127734518348556944128528391686366924846771848203554816249783952972802467491693150006285678056663592128981396739110478966828766740920152319865098312867
852 959965172237393303645273295259824038677465910616725020377393924866722825939309528860976424325941267589890780265155992830615333944971085397024024849103544070646941336253737280184
402 102658161138199359206793483631574693051668867689292742964043112989674372989988910360
558 162670082485335519589430634704225790354085544994633345713160968583035258635602171898140027733899733770397199541168360
114 160996100021568794078208
227 67439402257708991953799827876746907052534311039
294 11466458660123316608652200035259712175116926327830545149419784
893 1395116716203847651680413884392388140291306576224445707753245532875022859943478597864175662002993967421442175086042635291918074441629072363470998039349443133508369307482504934556005979077
588 40196589549400146730514438312132364755426412054786084872155713863240750730095174643902785719474970800709547366088435776072
85 37074064656114697
62 2851781957868
486 66754022240876333799380225238745190170067713640512250163150717356112977924588859136874167540748419184
