100 100 100 1990
33 4 1
24 55 3
1 63 3
34 20 3
91 64 1
36 96 4
32 66 4
38 41 3
28 50 1
68 94 4
53 4 3
61 38 2
50 36 1
30 29 2
25 48 2
95 77 2
95 14 1
49 40 4
14 44 4
76 17 1
59 17 2
27 96 2
6 47 3
100 91 4
59 89 1
31 64 2
35 30 2
65 43 3
11 46 4
27 51 1
66 6 2
68 10 1
92 98 4
94 44 2
36 29 4
83 84 1
53 95 1
95 3 2
23 96 1
74 75 1
25 72 3
82 9 4
41 55 3
80 13 1
86 88 4
45 100 1
43 63 1
100 34 1
24 69 2
32 54 2
81 39 2
59 31 2
82 82 4
27 45 1
90 58 4
37 46 4
78 68 4
55 100 3
34 14 2
12 76 3
69 8 1
51 2 4
86 27 3
15 17 2
82 34 2
79 3 1
73 86 3
8 16 2
91 54 4
11 89 2
89 58 4
37 28 3
94 89 4
4 46 3
13 4 2
9 44 3
90 91 2
63 76 1
68 77 4
67 35 3
81 43 2
57 87 1
92 37 4
39 25 1
60 93 4
67 58 1
34 66 1
62 72 3
10 50 3
64 12 2
19 63 4
90 66 4
29 47 1
99 25 3
91 4 2
5 62 1
55 26 4
94 65 2
30 15 3
47 35 3
59 76
100 100 100 3985
50 14 2
31 27 1
11 17 1
23 40 3
21 15 1
83 93 2
39 37 2
47 32 1
95 24 1
97 42 2
85 57 3
95 31 1
100 52 3
89 65 2
17 51 1
52 79 3
97 89 3
5 93 4
33 34 4
35 88 2
43 31 4
23 8 4
1 3 1
83 1 3
97 82 1
57 52 4
72 59 3
11 9 1
10 8 1
69 5 1
42 30 4
76 11 3
52 50 1
43 83 1
47 100 4
50 96 3
58 26 4
24 96 4
75 83 3
50 71 4
74 99 1
24 31 4
73 38 4
17 79 3
17 49 3
36 86 1
53 84 3
71 52 1
17 83 3
4 31 1
97 13 4
43 45 3
74 35 1
9 97 2
54 10 3
24 7 3
3 7 2
59 39 3
38 1 4
14 67 1
70 54 2
2 31 3
27 64 3
20 5 2
58 47 3
56 63 3
53 57 2
24 55 2
74 95 3
24 51 4
13 61 3
77 62 1
12 9 4
32 64 1
88 15 3
81 96 1
67 21 2
39 29 4
86 43 4
93 35 2
56 32 3
31 84 1
22 37 4
34 25 3
59 49 1
94 97 3
94 52 1
49 7 3
67 98 4
96 77 2
90 15 1
67 52 4
96 99 3
82 23 3
72 1 2
87 62 1
79 16 4
24 82 4
67 94 3
72 56 4
17 42
100 100 100 6444
7 52 2
40 80 3
48 36 3
21 43 2
82 3 1
30 38 4
56 53 1
18 95 1
100 94 1
92 74 4
1 62 1
79 16 2
27 77 4
77 19 2
65 100 2
24 30 4
71 16 4
33 86 2
53 46 1
22 17 3
43 6 4
22 60 4
37 56 2
61 18 3
45 79 2
64 98 3
74 22 2
42 94 1
78 20 1
87 82 3
71 73 4
59 73 1
1 8 4
48 95 1
1 73 3
62 14 4
100 62 4
11 36 1
87 11 1
9 12 3
69 100 2
5 40 3
17 79 4
15 71 4
28 92 2
94 43 4
14 98 1
40 71 3
34 18 3
4 22 2
99 61 3
20 51 2
80 52 4
74 24 2
22 22 1
94 51 1
84 87 1
100 76 1
18 81 2
72 75 4
61 70 4
22 26 4
39 81 2
29 77 4
73 44 1
51 1 2
46 70 1
92 71 3
43 64 1
92 33 3
59 43 1
51 61 4
57 26 4
30 11 4
14 100 1
5 75 2
39 95 3
16 98 3
33 18 2
51 19 2
94 42 2
45 96 3
7 48 3
46 56 2
16 62 2
79 11 4
34 37 4
16 84 3
81 33 2
100 43 3
6 59 1
19 56 1
31 17 2
96 36 3
22 84 4
40 53 2
85 91 2
99 88 4
40 28 4
91 31 4
28 47
100 100 100 8020
71 73 2
81 68 1
74 83 2
100 78 4
74 5 4
64 27 1
69 92 4
94 95 2
72 49 3
54 87 4
84 57 2
39 34 4
71 61 3
35 72 3
44 52 3
51 63 4
43 53 1
45 68 1
37 81 3
6 78 4
74 87 1
79 7 4
47 68 4
4 38 2
13 4 4
96 63 3
61 64 3
12 60 2
46 58 2
100 1 4
93 97 4
100 80 1
12 52 4
73 19 3
73 48 1
5 16 2
23 27 3
95 85 1
72 41 4
77 2 4
90 3 2
69 48 1
91 93 4
16 85 2
67 69 2
9 43 1
75 36 1
33 19 1
71 10 1
7 4 1
77 92 3
5 3 4
83 57 1
97 36 1
51 18 1
85 23 2
12 65 1
20 10 2
42 26 3
46 70 1
77 87 3
41 22 1
6 70 2
7 22 3
57 30 2
12 34 4
70 29 1
6 53 4
82 30 4
70 94 4
53 37 3
28 40 2
92 8 1
87 52 1
50 12 2
51 23 2
23 71 1
23 37 3
70 46 1
5 57 4
32 81 4
21 73 4
48 9 1
2 94 3
76 50 4
45 75 1
14 63 2
49 62 4
39 98 4
12 14 4
57 46 2
66 69 3
90 90 3
36 22 4
98 38 3
14 38 1
49 51 2
51 60 1
19 65 2
42 98 1
89 35
100 100 100 7905
50 42 4
89 85 4
98 96 4
77 40 2
52 6 3
95 1 4
69 78 4
9 47 2
59 42 4
92 77 3
51 78 4
65 64 1
90 97 3
42 68 3
81 32 3
14 36 4
69 77 4
58 23 1
18 2 4
39 7 3
68 76 3
48 42 4
63 70 1
10 11 4
10 37 2
8 39 1
65 76 4
45 92 2
37 2 3
13 13 2
64 73 2
72 8 1
10 22 2
79 93 4
41 80 3
37 28 4
83 26 1
58 14 1
52 76 1
10 43 2
87 12 1
86 7 4
5 94 2
30 23 3
87 67 2
83 67 1
23 67 2
71 87 1
11 35 3
93 40 1
94 19 2
45 69 2
60 54 2
50 41 2
96 66 4
8 15 1
43 91 4
16 67 3
92 42 4
8 53 1
3 60 4
62 29 4
27 89 4
47 60 4
75 20 3
35 24 3
15 50 1
64 95 1
48 89 1
57 78 4
62 36 1
34 69 1
90 51 1
6 85 3
74 57 3
10 98 4
62 91 1
71 39 4
95 92 4
4 68 4
33 3 2
19 73 2
70 67 1
81 53 3
75 2 3
34 43 2
95 88 1
96 19 1
75 44 1
79 63 1
6 94 2
76 24 4
52 65 1
100 63 2
9 72 3
5 63 2
82 34 2
6 18 1
80 72 3
62 6 4
24 96
100 100 100 2323
87 30 1
78 25 3
88 87 3
36 78 3
35 71 2
26 20 3
33 10 4
65 93 4
45 49 3
94 37 1
91 8 3
1 10 3
71 29 2
73 78 4
44 25 1
85 22 4
21 28 2
16 97 1
96 6 1
38 72 4
13 9 4
4 18 3
77 71 1
77 58 1
91 14 2
53 46 2
33 53 1
31 23 1
61 63 3
39 100 3
84 3 3
27 1 2
47 16 3
9 91 4
1 36 4
4 19 1
30 30 3
92 69 2
47 2 4
8 8 4
6 34 2
56 48 1
100 12 4
76 40 3
55 71 4
82 80 1
71 52 1
45 24 4
19 32 1
81 18 4
63 68 3
37 67 4
33 26 4
88 64 4
9 48 3
33 42 4
2 53 2
58 39 4
45 13 1
69 38 3
59 30 2
10 75 2
35 11 1
78 61 4
68 82 3
12 61 1
26 63 4
19 92 2
32 45 4
62 69 3
83 29 2
81 36 1
95 18 2
45 39 4
98 58 1
35 22 3
94 52 1
7 84 2
25 9 4
49 98 2
72 67 3
65 33 2
97 46 1
26 25 2
96 87 2
7 90 3
31 97 2
15 48 4
16 47 4
88 39 4
40 5 3
20 65 1
59 29 1
9 6 4
78 26 1
59 100 4
3 30 2
18 2 1
29 62 3
38 3 2
93 70
100 100 100 8999
32 96 1
79 91 3
97 64 4
10 81 3
50 69 2
86 68 1
25 74 1
36 33 2
6 56 1
13 74 2
39 47 1
21 1 3
92 24 2
22 54 1
22 98 4
75 54 3
46 35 2
28 64 1
52 13 2
1 31 2
13 99 4
98 88 4
43 39 1
42 87 3
26 80 1
73 5 4
15 51 3
4 41 1
14 10 3
80 60 1
84 70 1
65 11 3
27 47 1
41 31 3
16 7 1
37 24 2
13 41 4
41 20 4
69 33 3
64 69 1
5 47 4
16 46 3
33 67 1
52 37 3
2 24 2
74 53 1
57 10 3
37 27 3
7 30 2
61 27 3
41 70 1
85 87 2
51 41 3
6 66 1
5 16 4
100 37 4
82 84 2
81 33 3
39 59 2
81 60 2
57 97 4
1 52 1
28 87 2
96 99 4
10 43 3
43 80 3
46 41 3
86 4 3
90 36 4
63 75 2
48 8 3
57 31 4
31 9 1
99 13 4
6 61 1
30 33 2
87 17 1
93 79 3
23 49 3
9 9 2
16 53 3
24 47 4
1 61 4
100 13 2
58 57 1
65 90 4
86 76 2
82 29 3
1 47 1
89 90 1
17 24 2
32 9 2
44 67 1
2 84 2
5 28 3
54 18 1
71 24 2
24 51 1
18 22 3
43 25 1
12 3
100 100 100 8270
33 18 2
42 24 2
20 40 1
91 43 2
65 30 3
86 19 3
99 44 4
87 73 3
95 39 1
56 87 1
60 1 4
47 99 3
37 84 3
27 36 1
90 79 1
89 97 1
100 63 2
21 70 2
46 48 2
99 70 2
88 85 1
70 91 3
11 5 2
29 67 1
17 86 1
58 7 2
56 76 4
73 67 2
100 64 3
38 30 2
38 76 4
36 89 2
93 62 2
75 89 4
77 57 2
98 91 2
77 83 1
5 96 1
20 30 1
93 38 4
24 3 1
36 28 2
7 72 1
81 67 4
15 68 2
84 37 2
15 79 2
42 8 4
98 34 3
24 72 2
5 13 1
36 60 4
42 84 4
23 5 3
92 93 4
93 91 3
16 72 2
60 90 1
92 48 3
20 49 2
11 18 3
69 53 4
49 82 3
15 97 3
68 35 4
36 76 2
98 13 1
25 14 4
64 62 2
90 4 2
83 26 1
36 84 1
67 10 1
7 92 3
17 78 1
58 100 2
31 30 4
89 53 1
67 67 3
27 3 3
50 43 3
50 53 1
88 74 1
85 92 3
80 96 3
10 46 1
74 63 2
21 18 4
84 48 4
76 3 2
55 40 1
27 10 1
64 1 2
19 82 1
6 11 2
81 97 3
2 86 2
51 35 2
66 15 3
75 36 1
31 33
100 100 100 8168
7 10 2
29 99 3
37 92 4
70 9 3
61 83 2
5 36 4
91 39 2
70 39 2
17 73 4
30 46 2
11 8 1
22 48 2
39 33 3
17 10 2
92 87 2
83 12 1
91 34 2
65 85 2
67 64 1
48 84 3
77 52 3
25 27 1
65 58 3
10 56 1
8 59 1
15 31 2
91 15 2
63 41 3
34 84 2
93 16 4
55 28 3
85 95 4
51 59 1
30 30 1
41 7 1
80 70 1
23 97 4
9 8 3
86 48 1
37 80 1
7 34 1
24 96 1
25 40 2
48 100 4
99 48 4
30 13 1
21 98 1
38 83 1
21 61 3
52 81 1
41 41 2
66 32 3
11 18 1
61 41 2
28 53 2
62 29 3
56 78 2
7 31 1
61 72 2
58 63 1
36 95 1
8 46 4
78 9 3
35 62 4
82 34 3
82 100 2
18 41 2
41 83 2
65 75 3
4 72 1
52 82 4
20 4 4
82 25 4
58 59 3
98 18 3
62 34 1
72 41 3
46 7 4
62 61 2
13 93 3
42 54 4
47 81 1
39 6 4
65 73 2
90 70 1
28 13 4
28 100 3
90 92 2
55 69 4
34 78 1
14 87 2
1 28 4
22 31 1
45 21 3
37 76 3
56 92 4
92 57 4
85 50 3
2 85 1
36 98 3
5 85
100 100 100 8429
88 5 4
30 90 2
53 65 4
13 40 3
87 68 1
9 23 1
6 35 2
11 43 4
63 78 4
14 13 3
35 28 1
64 70 3
32 25 2
28 44 4
57 26 3
72 73 4
6 20 2
55 78 4
6 25 4
19 18 1
28 32 1
39 52 2
39 31 1
54 47 3
90 71 1
91 59 2
16 72 3
3 88 4
16 98 3
21 4 3
47 16 2
69 53 3
99 25 3
38 1 3
55 37 4
12 47 2
38 3 2
90 59 1
69 49 2
56 72 1
43 5 3
61 45 3
81 54 1
29 86 4
25 95 1
45 68 4
34 5 4
44 63 3
50 34 1
64 74 2
12 70 1
19 35 2
21 37 4
66 34 3
79 66 3
41 26 4
64 47 2
51 97 4
59 76 4
46 33 3
46 90 3
7 86 4
41 49 3
58 73 3
50 5 4
37 64 4
82 67 2
5 66 4
17 34 2
3 9 1
63 76 1
86 53 4
54 28 2
28 96 2
86 36 4
77 100 1
64 25 2
65 43 3
69 88 3
95 44 1
29 35 1
13 70 4
81 46 1
14 50 1
49 46 1
35 34 1
20 42 3
96 92 1
80 30 2
42 73 4
37 98 1
12 49 1
51 13 1
100 87 4
69 85 4
36 36 2
86 3 2
27 30 3
61 32 4
30 59 4
18 36
92 92 96 8915
22 34 4
25 44 4
9 32 4
19 12 4
25 3 4
22 20 4
6 27 4
29 5 4
6 7 4
12 36 4
1 15 4
24 20 4
33 44 4
7 15 4
15 14 4
42 40 4
35 13 4
5 30 4
8 19 4
5 37 4
40 31 4
27 43 4
43 34 4
44 40 4
39 11 4
17 4 4
13 14 4
9 41 4
8 8 4
5 16 4
31 43 4
46 23 4
14 21 4
40 1 4
19 32 4
5 6 4
43 8 4
42 44 4
27 19 4
1 20 4
4 45 4
13 18 4
13 46 4
24 31 4
22 41 4
6 37 4
19 35 4
92 33 4
3 23 4
42 15 4
31 24 4
18 10 4
1 31 4
43 43 4
11 4 4
14 16 4
22 17 4
64 68 4
17 14 4
35 11 4
6 13 4
21 19 4
29 37 4
39 18 4
14 38 4
21 27 4
21 26 4
17 22 4
31 2 4
44 43 4
3 24 4
45 29 4
13 38 4
28 36 4
31 1 4
23 42 4
32 41 4
12 29 4
36 36 4
32 88 4
43 32 4
20 40 4
21 13 4
38 17 4
4 17 4
39 34 4
14 37 4
10 44 4
81 33 4
29 45 4
9 13 4
32 32 4
37 34 4
24 19 4
15 18 4
21 35 4
9 10
97 94 95 2072
40 1 4
15 46 4
12 12 4
45 23 4
7 16 4
36 13 4
18 48 4
24 31 4
41 35 4
34 9 4
9 23 4
86 11 4
32 15 4
38 28 4
38 47 4
32 47 4
81 73 4
22 31 4
26 8 4
39 8 4
20 24 4
5 1 4
16 16 4
17 18 4
38 35 4
1 10 4
37 33 4
19 2 4
7 31 4
32 40 4
19 43 4
20 1 4
26 20 4
23 33 4
18 42 4
16 31 4
26 30 4
20 7 4
45 20 4
4 34 4
43 46 4
31 35 4
41 29 4
48 16 4
46 61 4
30 11 4
47 27 4
40 5 4
5 8 4
15 6 4
18 24 4
4 11 4
6 12 4
12 31 4
39 21 4
27 33 4
35 27 4
11 43 4
34 18 4
29 42 4
19 39 4
28 25 4
23 23 4
23 25 4
1 47 4
25 31 4
35 41 4
28 34 4
16 25 4
42 15 4
11 27 4
4 38 4
27 31 4
32 11 4
45 26 4
5 23 4
33 43 4
37 21 4
23 21 4
13 44 4
11 10 4
3 15 4
5 13 4
34 57 4
40 17 4
43 35 4
6 16 4
38 61 4
46 20 4
25 3 4
4 9 4
23 44 4
25 37 4
22 5 4
42 13 4
25 43
97 91 97 9203
39 26 4
35 19 4
22 11 4
31 32 4
21 21 4
32 6 4
27 14 4
34 45 4
26 26 4
17 4 4
2 40 4
9 17 4
28 57 4
13 24 4
28 16 4
3 37 4
32 43 4
21 5 4
35 13 4
30 10 4
72 63 4
35 7 4
47 34 4
38 41 4
19 31 4
21 25 4
2 1 4
42 22 4
12 18 4
86 32 4
9 20 4
21 33 4
38 34 4
18 1 4
12 19 4
47 5 4
7 33 4
77 44 4
33 23 4
21 29 4
42 43 4
33 11 4
47 38 4
29 2 4
63 33 4
43 31 4
38 9 4
47 11 4
17 21 4
37 14 4
7 18 4
1 23 4
24 30 4
8 11 4
20 6 4
30 15 4
13 48 4
44 58 4
34 25 4
43 45 4
8 40 4
44 1 4
28 12 4
44 8 4
34 14 4
16 32 4
48 31 4
20 7 4
13 4 4
23 36 4
7 24 4
27 28 4
37 29 4
29 17 4
40 24 4
45 1 4
11 72 4
48 3 4
48 19 4
7 27 4
43 28 4
26 31 4
45 14 4
84 71 4
2 17 4
48 33 4
34 10 4
47 43 4
9 43 4
22 29 4
48 36 4
19 7 4
15 41 4
9 37 4
47 13 4
48 39 4
38 8 4
26 30
100 91 95 6320
31 21 4
20 24 4
48 78 4
29 33 4
4 29 4
5 24 4
18 20 4
1 40 4
10 14 4
30 16 4
22 29 4
38 45 4
14 1 4
6 18 4
47 10 4
32 17 4
4 42 4
39 28 4
20 26 4
23 24 4
40 39 4
32 23 4
11 1 4
2 18 4
72 19 4
17 17 4
14 3 4
44 6 4
92 39 4
2 41 4
12 21 4
21 38 4
22 41 4
94 13 4
21 1 4
37 41 4
11 65 4
21 6 4
18 42 4
96 23 4
4 21 4
4 8 4
77 3 4
13 11 4
12 44 4
32 30 4
64 38 4
50 31 4
49 18 4
46 17 4
22 4 4
34 7 4
11 16 4
37 14 4
28 45 4
15 13 4
6 25 4
8 23 4
26 45 4
30 21 4
12 35 4
38 37 4
42 1 4
6 38 4
44 14 4
21 35 4
22 16 4
30 15 4
29 5 4
5 30 4
17 16 4
2 33 4
24 24 4
43 16 4
28 41 4
68 10 4
22 12 4
33 11 4
35 14 4
44 28 4
49 35 4
22 13 4
45 41 4
37 39 4
23 19 4
38 8 4
27 34 4
35 2 4
20 40 4
78 13 4
49 23 4
46 42 4
10 32 4
2 28 4
33 44 4
44 18
100 100 98 50
18 8 4
12 63 4
30 38 4
46 32 4
50 44 4
20 31 4
31 45 4
39 70 4
21 26 4
45 6 4
33 8 4
2 1 4
40 44 4
36 46 4
43 38 4
17 37 4
13 46 4
23 20 4
1 16 4
2 35 4
11 48 4
84 46 4
96 17 4
6 42 4
9 12 4
25 47 4
47 33 4
14 35 4
28 37 4
16 9 4
13 38 4
4 41 4
25 8 4
32 44 4
21 49 4
46 44 4
50 53 4
4 13 4
37 19 4
14 8 4
45 25 4
21 96 4
45 20 4
26 8 4
25 30 4
19 19 4
44 10 4
47 40 4
44 3 4
28 39 4
33 33 4
50 45 4
48 27 4
12 17 4
35 48 4
49 50 4
38 46 4
13 45 4
37 26 4
30 26 4
21 8 4
30 18 4
17 2 4
42 16 4
48 36 4
48 22 4
32 14 4
40 35 4
26 31 4
43 19 4
41 1 4
13 26 4
36 33 4
8 38 4
21 23 4
31 19 4
38 37 4
16 3 4
37 23 4
2 21 4
7 28 4
19 36 4
2 38 4
34 8 4
26 39 4
11 40 4
21 40 4
19 20 4
38 78 4
32 37 4
67 34 4
46 13 4
40 22 4
39 12 4
8 26 4
45 47 4
19 2 4
30 7 4
18 1
91 97 93 1373
37 1 4
42 46 4
24 32 4
3 29 4
67 21 4
44 28 4
17 16 4
1 36 4
18 28 4
65 9 4
45 2 4
42 33 4
45 39 4
43 27 4
20 16 4
4 18 4
18 26 4
14 37 4
32 46 4
22 3 4
8 43 4
22 6 4
18 27 4
65 43 4
2 27 4
23 42 4
12 28 4
14 1 4
39 21 4
4 22 4
9 37 4
19 1 4
5 33 4
1 20 4
35 22 4
5 27 4
1 31 4
12 40 4
1 6 4
7 34 4
17 30 4
5 8 4
44 42 4
34 15 4
14 2 4
43 6 4
43 34 4
34 8 4
8 19 4
36 9 4
26 23 4
25 32 4
37 25 4
37 13 4
9 14 4
12 11 4
45 17 4
42 41 4
20 41 4
25 43 4
27 28 4
17 44 4
2 48 4
6 18 4
6 26 4
2 13 4
43 29 4
31 16 4
44 36 4
3 18 4
28 15 4
7 7 4
18 16 4
31 8 4
75 45 4
8 46 4
40 12 4
26 7 4
43 30 4
1 42 4
33 37 4
19 14 4
43 21 4
2 37 4
84 69 4
18 19 4
36 20 4
43 11 4
44 7 4
32 34 4
5 20 4
44 37 4
41 47 4
43 7
91 100 91 8245
21 43 4
17 20 4
44 1 4
34 45 4
86 82 4
21 15 4
43 32 4
55 95 4
41 28 4
44 12 4
27 3 4
30 4 4
29 20 4
23 40 4
7 3 4
18 14 4
17 100 4
13 37 4
26 43 4
13 15 4
30 34 4
21 31 4
34 36 4
36 74 4
24 35 4
4 40 4
16 5 4
17 6 4
1 43 4
17 5 4
29 28 4
10 34 4
40 28 4
31 42 4
11 24 4
22 39 4
36 39 4
5 39 4
15 32 4
26 23 4
13 19 4
38 28 4
43 18 4
44 13 4
11 45 4
22 5 4
20 38 4
4 38 4
22 14 4
1 44 4
29 5 4
9 27 4
5 26 4
24 29 4
11 38 4
40 29 4
6 26 4
13 49 4
28 40 4
60 3 4
24 36 4
11 2 4
45 43 4
38 30 4
67 59 4
8 32 4
51 60 4
43 40 4
25 6 4
30 46 4
28 11 4
12 74 4
20 1 4
1 42 4
18 5 4
6 2 4
40 46 4
38 29 4
3 25 4
4 20 4
45 26 4
9 41 4
24 16 4
3 17 4
19 20 4
30 5 4
34 1 4
9 12 4
22 34 4
45 36 4
9 30 4
42 15
94 91 95 1841
17 34 4
44 9 4
20 38 4
23 14 4
42 22 4
1 14 4
1 2 4
29 27 4
27 44 4
42 27 4
25 38 4
36 25 4
21 23 4
29 32 4
20 11 4
57 52 4
30 13 4
23 19 4
13 9 4
88 87 4
37 20 4
22 22 4
18 31 4
31 12 4
16 27 4
13 15 4
22 31 4
19 59 4
38 34 4
48 20 4
33 21 4
16 16 4
11 24 4
33 11 4
10 36 4
26 32 4
8 33 4
7 34 4
30 41 4
15 25 4
39 19 4
38 26 4
6 23 4
26 35 4
43 7 4
2 29 4
39 36 4
7 43 4
47 38 4
7 13 4
43 10 4
19 31 4
13 12 4
8 18 4
84 54 4
28 23 4
21 22 4
38 45 4
2 6 4
33 28 4
3 8 4
45 35 4
43 23 4
44 35 4
45 14 4
14 45 4
43 20 4
39 33 4
37 14 4
9 35 4
27 23 4
34 14 4
29 43 4
26 14 4
4 19 4
47 27 4
6 22 4
30 21 4
6 4 4
41 45 4
36 48 4
7 17 4
7 14 4
4 1 4
34 43 4
6 39 4
1 16 4
22 5 4
10 3 4
56 49 4
11 22 4
41 40 4
37 45 4
18 18 4
64 74 4
11 23
98 94 94 9512
30 8 4
43 15 4
30 14 4
26 15 4
5 39 4
40 28 4
20 29 4
24 44 4
15 73 4
85 63 4
4 12 4
20 13 4
37 33 4
20 31 4
47 6 4
22 46 4
6 5 4
30 74 4
39 3 4
8 7 4
4 13 4
41 17 4
11 44 4
38 22 4
25 36 4
42 4 4
20 20 4
22 24 4
14 42 4
38 34 4
36 28 4
4 4 4
13 1 4
28 47 4
42 32 4
34 20 4
19 14 4
42 13 4
4 10 4
31 47 4
15 30 4
97 61 4
19 20 4
30 25 4
32 24 4
20 41 4
33 7 4
2 17 4
12 16 4
43 4 4
7 35 4
12 32 4
37 65 4
43 18 4
5 38 4
8 37 4
16 10 4
45 26 4
3 41 4
64 46 4
31 14 4
43 38 4
5 42 4
8 75 4
25 14 4
8 22 4
44 43 4
32 39 4
28 17 4
22 11 4
17 37 4
17 35 4
6 12 4
48 8 4
68 69 4
22 12 4
39 20 4
32 12 4
29 21 4
31 5 4
45 32 4
26 5 4
31 12 4
11 38 4
68 80 4
25 38 4
18 94 4
14 25 4
22 39 4
37 15 4
21 7 4
24 13 4
35 7 4
15 34 4
45 6
99 93 94 2079
36 7 4
42 9 4
3 30 4
35 30 4
33 9 4
21 7 4
18 4 4
4 34 4
37 1 4
45 24 4
24 43 4
14 61 4
44 11 4
24 2 4
4 46 4
43 31 4
5 8 4
37 22 4
46 18 4
35 36 4
13 35 4
32 30 4
16 28 4
19 44 4
6 5 4
48 6 4
28 41 4
11 12 4
8 26 4
17 38 4
41 46 4
21 34 4
9 12 4
24 15 4
21 30 4
6 3 4
16 22 4
28 18 4
39 40 4
28 37 4
15 46 4
29 31 4
22 9 4
45 5 4
21 41 4
41 5 4
17 31 4
32 6 4
48 31 4
32 22 4
26 11 4
20 42 4
40 16 4
48 23 4
10 22 4
35 20 4
92 75 4
21 15 4
44 19 4
46 21 4
8 35 4
49 16 4
6 17 4
59 17 4
46 41 4
28 20 4
46 22 4
19 7 4
35 21 4
8 14 4
49 86 4
16 24 4
16 26 4
49 12 4
13 25 4
5 18 4
2 14 4
24 34 4
17 45 4
42 26 4
82 70 4
24 39 4
29 36 4
19 1 4
45 26 4
14 36 4
15 44 4
15 1 4
42 27 4
35 13 4
36 43 4
8 46 4
12 9 4
34 8 4
26 37
94 98 98 1683
30 26 2
36 17 3
17 26 4
11 8 3
2 33 4
33 1 3
71 31 4
35 37 4
80 20 4
8 20 3
32 40 2
37 19 4
10 20 4
33 37 3
23 13 4
40 37 4
47 80 3
37 20 4
17 1 4
8 9 4
33 24 4
17 18 4
22 13 4
75 56 4
17 28 4
19 35 4
25 8 4
11 19 3
30 21 4
18 4 4
55 91 3
18 46 3
9 28 4
24 13 4
16 28 4
36 21 4
30 32 4
42 4 4
1 23 4
34 39 3
11 5 4
40 3 3
5 7 3
18 29 4
10 25 3
19 20 4
45 37 4
3 2 4
14 26 3
5 47 4
90 7 4
13 49 4
37 16 4
30 8 4
20 80 2
12 11 3
30 5 3
25 38 4
13 18 3
35 33 4
12 8 4
19 39 3
13 34 3
7 31 4
35 27 4
13 42 3
41 20 4
43 48 3
2 26 4
33 3 4
4 2 4
42 40 4
18 21 4
29 14 4
27 10 4
10 9 3
15 38 4
11 21 3
28 7 4
45 41 3
26 28 4
31 24 4
19 24 4
24 43 4
27 45 3
41 30 4
30 2 4
43 23 3
36 27 4
42 36 4
11 9 3
15 20 4
18 14 3
39 4 4
25 20 4
16 42 4
46 4 3
45 38 4
22 5
97 99 93 3126
40 44 4
22 48 4
11 29 3
38 43 4
20 43 4
10 32 4
5 24 4
82 40 3
15 28 4
45 12 4
48 37 4
22 9 3
12 18 4
21 45 4
35 17 4
33 43 4
32 11 3
4 41 4
33 22 4
41 48 4
12 25 4
6 9 4
41 45 3
13 21 3
3 34 4
21 49 4
36 21 4
18 32 3
35 5 4
17 33 4
46 31 4
31 7 4
15 7 4
26 38 4
45 32 4
27 18 3
36 22 4
24 35 3
29 42 3
76 62 3
17 25 4
30 8 4
32 27 4
8 16 4
14 28 4
28 5 4
2 38 4
11 37 4
11 12 4
43 27 4
4 46 3
87 70 4
18 12 3
2 4 3
12 6 3
19 22 4
43 46 4
29 28 4
26 48 4
44 19 4
15 21 4
25 17 3
4 44 4
26 33 4
23 16 4
13 13 4
41 7 4
47 36 3
8 15 3
24 15 3
10 29 4
47 44 4
9 36 4
6 10 3
19 39 4
33 40 4
45 30 4
14 32 3
46 20 4
1 41 3
7 6 4
34 42 4
48 39 3
26 44 3
12 34 4
15 5 4
11 7 3
29 10 4
11 10 4
12 21 4
1 35 3
46 6 4
8 43 4
12 31
94 97 98 5134
25 48 4
14 46 4
1 1 3
43 46 4
39 7 4
2 23 4
30 36 4
27 22 4
19 22 3
32 3 4
47 46 3
22 29 4
1 44 3
32 5 3
17 45 4
14 36 3
17 40 4
16 30 4
5 9 3
6 33 3
7 44 3
91 89 4
10 21 4
19 12 4
18 43 4
39 19 4
38 41 4
40 9 2
15 18 4
43 8 3
37 16 4
27 19 4
7 8 4
35 64 4
20 34 4
65 51 3
33 4 4
46 44 4
25 16 4
2 29 4
7 6 4
13 1 3
53 51 2
5 14 4
27 48 4
31 28 3
30 18 4
31 36 4
13 20 3
26 46 4
8 11 4
30 6 4
62 41 4
26 43 3
32 35 3
35 4 4
34 32 4
43 21 4
40 31 4
20 39 4
10 13 4
7 10 3
44 4 4
32 26 4
39 10 4
20 29 4
17 15 4
9 37 4
18 34 3
34 43 4
30 9 2
25 18 4
33 26 3
29 33 4
39 22 3
25 22 3
32 36 4
30 13 3
37 36 4
59 41 4
34 48 4
26 9 4
18 30 4
26 47 4
12 10 3
60 88 4
41 40 4
47 29 3
39 41 3
13 44 4
32 2 3
44 3 4
1 10 4
19 5 4
9 7 4
20 40 3
47 42 3
19 36 4
11 7
92 98 92 6210
12 35 3
17 15 4
41 41 4
38 10 4
12 4 4
37 79 4
30 22 4
31 14 4
33 25 4
30 32 4
33 17 4
45 35 4
41 23 3
10 5 4
76 21 4
2 2 3
10 35 4
42 11 4
23 46 4
11 5 3
72 95 4
39 9 3
9 30 4
10 43 4
31 6 4
75 8 3
44 26 4
9 39 3
27 41 4
33 27 4
2 20 4
31 4 4
10 14 3
45 26 2
7 30 4
14 34 3
29 33 2
25 22 4
24 40 4
36 5 4
17 3 4
7 27 4
18 32 4
10 7 4
38 44 3
33 23 4
21 16 4
1 13 4
13 1 4
45 2 4
40 45 4
8 76 3
33 41 4
35 10 4
4 28 4
43 32 3
38 23 3
42 88 4
9 41 4
20 13 4
46 17 3
28 3 4
32 23 4
41 44 4
9 24 3
42 13 4
23 45 4
39 10 4
27 25 4
16 47 4
11 28 3
30 16 2
6 9 3
42 34 4
34 36 3
13 46 4
38 18 4
14 29 3
17 27 4
12 2 3
35 12 4
33 35 3
23 17 4
14 7 4
9 12 4
32 33 4
36 39 4
2 53 4
25 21 4
2 36 4
35 44 4
27 20 4
46 1
96 99 93 3532
35 32 4
7 22 4
32 43 4
41 13 4
6 11 4
13 95 4
38 23 4
20 92 4
26 31 3
47 6 4
25 66 3
40 23 4
29 31 4
39 8 4
24 34 4
30 23 4
2 15 3
34 42 4
44 47 4
28 8 4
16 31 4
24 12 3
13 21 4
24 8 4
14 2 4
35 47 4
47 40 4
80 55 4
45 41 4
45 38 4
27 4 3
45 20 4
4 4 4
40 20 3
23 35 4
4 40 4
13 40 4
88 84 4
4 48 4
75 87 4
7 48 4
31 3 4
1 36 3
6 17 4
18 43 4
17 49 4
19 22 3
8 27 3
31 17 4
28 34 3
32 16 4
1 7 4
6 28 4
48 36 4
11 26 4
2 49 3
16 3 4
47 19 4
6 36 3
13 18 3
42 1 3
11 47 3
36 1 4
33 24 3
38 10 3
18 7 4
37 43 4
44 43 4
29 11 4
13 28 3
21 2 4
3 26 4
47 27 3
37 33 4
24 21 4
6 31 4
27 6 4
47 21 3
31 40 4
22 16 3
25 41 4
17 88 4
23 2 3
33 6 4
46 15 4
32 19 3
38 49 4
23 27 4
4 31 3
14 46 4
29 43 3
34 16 3
25 32 4
5 20
93 94 100 1802
41 7 3
5 23 4
45 29 3
10 42 4
1 10 4
28 18 4
18 33 4
42 36 4
30 36 4
28 4 4
41 16 4
41 40 4
14 27 4
23 23 4
24 29 3
29 40 4
4 27 4
12 27 3
34 46 4
23 27 4
39 9 4
12 59 4
40 80 4
43 14 4
21 62 4
27 41 4
32 14 3
26 38 3
4 26 4
19 31 4
37 26 4
41 41 4
17 10 4
21 32 4
43 2 4
16 31 4
25 6 4
30 33 4
32 32 4
25 33 4
44 38 4
46 7 4
8 38 3
15 18 4
2 25 4
41 13 3
5 36 3
39 18 4
6 41 4
22 42 4
29 17 4
12 15 3
21 25 4
35 39 4
80 62 4
24 20 4
34 42 3
46 3 4
25 42 4
30 39 3
9 42 4
21 14 4
25 47 4
24 38 4
22 17 4
42 44 4
19 6 4
41 34 4
14 47 4
26 32 3
35 75 4
46 28 4
43 5 3
22 20 4
19 41 4
31 54 3
44 21 4
13 11 3
18 43 4
9 24 4
31 15 4
33 8 4
35 8 3
22 21 3
17 6 4
8 37 4
9 39 3
5 16 4
44 44 3
39 15 4
13 23 4
2 10 4
25 13 4
6 12 4
33 35 4
1 35 4
42 13 4
34 40 3
32 31 4
4 48 4
21 21
96 95 96 9822
39 1 4
21 13 3
44 5 4
2 3 4
45 4 4
36 13 4
34 30 4
43 38 4
41 27 4
48 35 4
34 11 2
45 43 4
91 73 4
2 2 4
25 32 4
21 22 4
34 28 4
14 41 3
39 15 4
18 29 4
24 35 4
19 27 4
9 35 4
21 15 4
10 14 4
41 35 4
48 12 3
38 12 4
34 42 4
40 13 4
2 43 4
42 5 3
42 43 3
61 60 4
16 7 3
15 44 3
26 22 4
35 24 4
30 12 4
3 64 3
26 41 4
34 16 3
27 31 4
22 46 4
48 82 4
25 31 3
10 1 4
45 39 4
20 25 4
37 25 4
7 30 3
15 12 3
8 6 4
12 29 3
4 17 3
24 41 4
46 32 4
95 2 4
42 44 4
35 12 3
29 21 3
44 25 3
7 6 3
32 12 4
36 40 3
43 9 4
36 32 3
85 49 4
4 4 4
15 46 4
47 25 3
39 14 3
44 3 4
35 22 4
14 43 4
15 2 4
10 4 4
20 16 4
75 85 4
41 32 4
93 5 4
3 28 4
10 31 4
37 5 3
2 20 4
32 5 4
36 43 4
6 42 3
20 9 4
84 93 4
13 25 3
16 1 4
44 34 4
36 15 4
10 17 3
28 41 3
34 29
96 97 95 6465
11 20 3
16 29 4
14 20 2
6 7 4
13 12 4
4 32 4
11 17 4
25 5 4
4 34 4
32 10 3
30 27 4
33 12 3
47 16 3
36 18 2
26 13 3
47 22 4
10 24 3
19 40 4
41 35 3
4 9 4
66 96 4
34 12 4
44 22 4
53 6 3
31 25 3
25 39 4
43 14 4
43 66 4
27 24 4
23 12 4
22 19 4
1 23 4
1 43 4
39 42 3
34 27 4
37 39 4
22 36 3
48 35 4
28 45 4
42 43 4
2 48 4
48 34 4
9 12 4
2 29 4
26 48 3
4 31 4
34 28 4
36 27 4
18 31 4
20 7 4
12 33 4
29 37 3
46 11 4
48 13 3
46 25 4
41 2 4
18 91 4
38 2 3
40 25 3
24 19 3
46 16 3
46 44 4
35 45 4
15 40 4
2 27 4
11 95 4
27 38 2
33 25 4
16 9 4
25 11 4
6 32 3
10 25 4
19 16 3
18 28 3
1 8 2
21 9 3
28 23 3
10 41 4
13 11 4
3 32 4
21 1 3
4 23 4
13 13 3
45 30 3
6 36 4
27 35 3
44 3 4
34 3 3
15 8 4
33 43 4
45 45 3
37 4 3
40 31 4
6 39 4
34 32 4
30 12
100 94 91 1876
47 25 4
46 23 4
27 23 4
51 91 3
13 35 4
7 45 4
78 66 4
33 5 4
6 30 4
19 40 4
25 24 4
42 35 4
47 9 4
45 6 4
49 15 4
48 43 4
80 79 3
44 26 4
43 43 4
11 3 3
19 37 4
25 12 4
31 30 4
28 39 4
4 6 4
29 45 4
7 18 4
44 47 4
21 44 4
65 38 2
11 31 3
40 37 4
46 17 4
34 15 4
22 18 3
45 9 4
36 28 3
41 1 4
9 15 4
48 17 3
14 21 4
36 1 4
7 13 4
10 24 4
42 20 4
45 42 4
26 27 3
24 15 4
1 32 3
50 45 3
33 7 4
27 35 3
2 44 2
21 3 3
1 4 4
36 31 4
44 19 4
27 42 4
42 18 4
43 26 4
35 37 4
40 31 4
16 35 4
46 21 3
10 33 4
32 24 3
50 29 3
20 43 3
11 25 3
41 68 4
13 46 4
11 26 3
38 22 3
15 18 3
45 3 4
12 6 2
32 39 3
65 79 4
13 32 3
10 26 3
24 34 4
38 42 4
16 17 4
40 9 4
28 11 4
13 36 4
6 43 4
44 6 3
44 29 3
28 44 4
6 15 4
42 8
95 97 96 7916
6 47 4
41 87 4
10 3 4
94 93 4
24 1 4
36 2 4
5 25 4
27 41 4
41 17 4
3 17 4
17 43 4
25 17 4
38 3 4
36 1 4
25 24 3
23 44 4
40 25 4
3 11 3
12 24 4
41 29 4
13 34 4
42 14 4
12 40 4
36 26 4
2 14 4
81 60 4
28 30 3
11 26 4
45 29 4
46 11 4
4 39 4
17 29 4
38 27 4
6 48 4
16 36 4
19 1 4
31 38 3
25 43 4
16 48 4
6 40 4
13 25 3
9 34 4
41 12 4
13 23 4
27 44 4
19 14 4
27 33 3
2 23 4
39 13 4
29 28 4
4 45 4
6 20 4
46 17 4
28 24 4
24 80 4
12 22 4
34 42 4
16 11 2
4 14 4
14 26 3
22 41 3
27 20 4
7 18 4
6 13 3
41 21 4
28 5 3
36 36 4
43 18 4
13 31 4
8 22 4
13 13 4
20 13 3
37 24 4
21 10 4
24 24 3
40 39 4
28 14 2
6 10 4
28 26 3
26 48 3
35 5 4
23 19 3
22 4 3
2 6 3
35 55 4
26 27 3
3 30 4
18 44 3
35 11 4
2 16 4
58 20 4
45 5 2
13 22 4
21 5 4
47 69 3
27 8 3
38 10
98 97 92 5931
4 70 4
33 17 3
17 9 4
9 26 4
34 32 4
15 1 3
22 13 4
13 26 4
20 25 3
32 18 4
33 9 3
29 27 4
8 3 4
3 16 3
9 43 4
76 40 3
11 20 4
7 9 3
92 33 3
7 21 3
8 17 3
19 81 4
54 33 3
3 33 4
33 11 4
61 9 3
9 31 3
14 7 3
22 17 4
27 18 4
23 11 3
17 3 4
22 15 4
17 29 4
3 2 4
25 23 4
4 7 4
29 15 4
21 12 4
23 8 3
33 28 4
6 16 3
5 22 4
10 20 4
24 31 4
13 22 4
32 28 4
11 18 3
24 11 3
19 28 4
7 29 3
31 14 4
7 11 4
80 16 4
8 21 4
64 37 4
14 33 4
15 32 3
32 10 4
28 6 4
52 55 4
15 25 4
29 1 4
24 6 4
12 13 4
9 22 4
5 9 4
16 32 4
1 27 4
22 23 4
20 10 4
20 20 3
33 10 4
19 12 4
13 8 3
29 9 3
30 27 3
94 9 4
28 19 3
20 2 4
5 12 4
5 13 3
65 92 4
14 23 3
10 31 4
23 30 4
22 77 4
28 30 4
27 22 4
29 18 3
19 25 4
29 17 4
6 3
100 93 95 7443
18 15 4
16 10 4
8 17 3
33 30 4
10 19 4
8 23 4
4 26 4
12 3 4
34 10 4
18 74 3
86 64 4
18 1 3
27 5 3
63 44 4
34 30 3
23 8 4
13 86 4
32 26 4
71 26 4
94 88 3
46 4 3
25 27 4
32 18 3
13 17 3
24 31 4
22 20 4
13 2 4
32 3 4
3 3 4
100 72 4
15 31 4
29 31 4
55 25 4
5 13 4
9 28 4
13 1 4
35 31 4
62 29 4
13 3 4
83 24 4
22 8 4
2 15 4
14 5 4
18 11 4
15 21 4
20 17 4
16 11 4
16 15 4
9 26 4
6 22 4
46 54 4
80 54 4
60 75 3
24 19 4
7 18 4
18 31 4
19 32 4
8 10 4
63 28 2
20 11 4
30 32 4
19 17 4
29 6 4
29 13 4
7 28 4
9 6 3
27 25 4
15 29 4
12 93 3
57 75 4
3 32 4
27 7 4
1 30 2
4 24 4
26 12 4
30 22 4
16 9 3
2 32 3
29 20 2
19 12 4
8 25 4
28 8 4
18 6 4
15 8 4
27 17 3
31 10 4
19 24 4
31 16 4
13 19 4
4 7 4
40 76 4
19 77 2
34 9 4
32 25 4
20 2 3
31 17
97 92 97 9622
2 23 4
18 20 4
2 27 4
32 21 4
12 25 3
15 91 4
15 32 3
24 24 3
1 1 4
29 26 3
53 27 2
44 85 3
21 33 3
42 65 4
9 17 4
14 26 4
8 21 4
28 28 4
28 9 4
89 21 4
23 32 3
16 4 4
26 7 3
33 27 4
6 5 4
2 1 3
31 21 3
22 19 4
7 29 2
3 29 3
9 7 4
33 71 4
4 13 3
16 21 3
18 25 4
3 17 4
28 32 4
11 29 4
27 10 3
11 9 4
5 13 4
3 23 4
2 6 3
9 28 4
18 83 4
32 26 4
26 12 4
24 19 4
20 28 4
75 33 3
5 12 4
11 13 3
33 10 3
33 28 4
12 12 4
21 19 4
49 78 4
32 14 4
82 60 3
3 2 4
13 22 3
85 33 4
11 21 4
23 29 4
5 2 3
17 21 4
10 4 4
3 3 4
9 9 2
21 5 3
7 24 4
16 86 4
32 33 4
33 9 4
22 9 4
52 44 4
6 19 4
23 13 4
5 4 3
20 31 4
86 17 4
20 5 4
28 8 3
3 8 4
9 1 3
33 16 4
7 9 4
67 12 4
27 11 3
8 7 4
31 13 4
7 10 4
29 15 4
18 50 3
33 30 4
14 4 4
69 47 4
15 4
95 94 96 3239
33 11 4
28 29 3
1 9 4
79 18 4
32 27 4
2 17 4
9 10 3
17 4 4
75 72 4
15 29 4
13 9 4
26 13 4
53 35 2
13 7 4
19 6 3
16 25 4
2 14 3
18 17 4
4 11 4
5 17 4
21 17 4
20 8 4
47 5 4
1 24 4
32 3 4
29 19 4
11 18 3
22 17 4
5 22 4
3 81 4
85 46 4
31 18 3
39 77 4
25 12 3
30 19 4
19 19 3
37 78 4
24 2 4
62 23 3
21 2 3
13 81 4
30 26 4
17 19 4
14 14 4
28 24 4
26 1 3
21 7 3
7 20 4
10 16 4
29 92 3
5 13 3
1 15 4
25 22 4
16 30 2
9 20 4
82 24 4
20 16 2
2 22 4
22 27 4
11 28 4
23 31 4
15 4 4
12 31 4
28 26 4
24 1 4
45 58 2
18 27 4
13 17 4
14 25 4
30 13 4
77 77 4
28 2 4
33 53 4
15 69 3
27 17 3
69 63 4
20 21 4
14 61 4
11 4 4
24 8 4
16 21 3
20 5 4
7 1 4
7 31 4
1 1 4
21 27 4
9 31 4
11 22 4
69 93 4
26 5 4
21 1 4
2 4 4
25 31 4
30 22 4
37 54 4
32 14 4
12 18
91 96 99 5148
23 7 3
3 7 4
9 23 4
13 3 4
3 20 4
29 9 3
30 21 4
11 9 4
27 20 4
40 49 3
30 4 4
10 29 4
76 50 4
2 21 4
23 1 4
76 21 4
3 21 4
28 6 3
9 11 4
23 15 3
15 26 4
21 19 4
20 21 4
29 4 4
17 4 3
1 17 4
31 17 4
38 74 3
18 33 4
29 2 4
20 29 4
8 16 4
19 33 3
21 6 4
15 33 4
21 30 4
6 5 4
10 11 4
2 19 3
20 7 4
21 25 4
13 12 3
68 9 4
5 20 4
59 96 4
18 24 4
12 8 4
88 13 4
2 22 4
28 10 4
31 30 3
31 75 4
5 16 4
9 14 4
23 30 4
24 15 3
23 4 3
21 22 4
15 32 4
86 19 4
17 33 4
21 31 4
25 21 4
20 33 4
31 4 4
7 14 4
85 82 4
10 27 3
2 8 3
13 29 3
1 11 4
7 32 3
17 1 4
28 4 3
31 11 4
19 23 4
69 54 4
7 33 3
24 7 4
26 26 2
30 2 4
2 20 4
31 6 4
5 50 4
24 23 4
60 5 3
19 31 4
8 3 4
28 30 4
29 1 3
20 8 3
26 5 4
9 83 3
22 7 4
12 10 4
20 88 4
24 19 3
27 39 4
3 10 3
1 22
93 99 94 3392
5 7 4
26 17 3
7 8 4
19 21 4
47 60 2
2 34 4
9 7 4
9 45 3
49 99 2
68 92 3
31 9 3
17 33 4
42 50 4
2 23 4
20 28 4
11 24 4
11 32 3
25 20 3
24 13 4
22 20 4
23 20 3
4 4 4
13 13 4
31 25 4
1 31 4
6 16 2
24 27 3
31 15 4
11 8 4
68 91 4
19 4 3
34 54 4
23 1 4
20 19 4
39 54 4
31 12 4
14 32 4
21 31 4
19 7 4
3 42 4
13 19 4
27 5 4
26 23 4
69 33 4
24 30 3
4 11 3
11 28 4
9 13 4
24 17 4
3 9 4
11 2 4
22 24 4
55 93 4
12 22 4
12 15 3
61 99 4
67 80 4
47 38 4
41 40 4
14 18 4
18 14 4
2 3 3
21 18 4
7 34 3
21 29 4
75 91 3
32 23 4
17 24 4
19 12 4
10 19 4
25 23 4
8 11 4
27 4 3
30 22 3
19 30 3
8 34 4
22 29 4
26 27 4
2 16 4
26 15 4
93 7 4
7 5 4
16 19 4
10 17 4
28 91 4
21 2 4
5 20 4
15 28 4
5 18 4
9 10 4
23 84 4
1 32 3
41 10 3
93 64 3
3 20
96 93 93 7011
9 7 3
15 75 2
29 31 3
21 1 4
2 25 4
15 6 4
41 4 3
27 18 4
13 15 3
50 5 3
49 35 4
8 10 4
28 24 4
9 3 4
25 9 4
69 12 3
12 17 4
5 10 4
32 7 4
76 36 4
27 15 4
15 17 3
20 9 4
15 4 4
2 18 3
18 27 3
1 5 3
9 2 4
2 22 4
29 47 4
18 16 3
11 20 3
20 2 4
18 28 4
13 23 4
17 18 3
4 24 4
10 30 4
3 4 4
35 5 4
27 5 4
27 27 4
88 51 4
20 32 4
28 17 3
19 23 3
34 18 4
3 1 3
2 14 4
27 20 4
23 1 4
59 9 4
16 9 4
33 19 4
49 75 4
16 23 4
17 29 4
16 19 4
22 38 4
21 8 3
4 29 3
25 21 3
6 4 4
85 18 3
93 37 4
22 20 4
58 81 4
21 3 4
33 23 4
24 18 4
3 16 4
13 19 3
66 14 4
48 72 3
96 20 4
5 29 4
28 9 4
31 26 4
32 8 4
21 30 4
8 9 4
31 30 4
21 26 4
57 14 3
1 13 4
30 26 4
32 3 4
4 27 3
18 3 3
87 58 4
11 65 3
29 20 4
5 23 4
21 17
94 100 98 5480
12 9 3
24 32 3
2 31 4
11 23 4
19 6 2
19 11 4
30 5 4
27 26 4
9 7 4
74 30 4
27 15 4
16 32 4
3 15 4
21 51 3
6 16 3
30 8 4
30 3 4
22 1 2
23 14 3
11 7 3
28 21 4
12 28 4
20 33 3
31 7 4
12 12 4
37 1 3
11 20 4
25 7 4
26 15 4
16 22 4
13 33 3
22 25 4
35 41 2
20 31 3
5 8 4
9 31 4
3 34 4
41 71 4
5 20 3
11 14 4
4 33 4
26 14 3
20 32 4
26 29 4
75 53 4
2 13 3
32 30 4
11 32 4
24 55 4
7 34 4
17 27 4
54 45 4
70 100 4
18 35 3
19 35 4
4 1 2
20 30 4
18 22 4
11 28 3
8 21 4
61 44 4
29 22 4
4 20 4
20 15 4
21 26 4
25 30 3
20 76 4
19 13 4
18 8 4
9 10 3
5 15 4
21 11 4
49 93 4
27 33 4
23 7 4
24 18 3
4 7 4
61 15 3
28 29 4
2 23 4
10 27 4
10 1 4
18 25 4
41 45 2
4 10 3
8 13 4
29 17 3
1 34 4
16 1 4
9 13 3
26 31 4
29 5 4
11 33 4
31 14 4
12 35 4
10 14 4
20 18 4
1 1 2
3 30
100 98 94 1011
18 7 4
17 6 3
21 5 4
6 23 4
56 37 4
31 2 4
11 23 4
80 84 4
32 25 4
7 25 4
5 51 4
14 2 4
17 16 3
33 30 4
10 3 4
42 38 4
32 23 4
29 31 4
18 34 4
29 14 4
22 9 2
20 13 4
18 2 3
28 27 4
30 9 3
21 2 4
3 6 3
32 26 4
22 16 3
12 17 3
34 27 4
17 24 3
9 17 4
24 7 4
53 19 4
6 27 3
28 16 2
12 32 4
23 34 4
29 20 2
3 1 4
6 31 3
4 24 4
29 1 4
8 15 4
2 34 4
63 51 4
34 32 3
54 16 2
53 90 4
17 2 4
2 9 4
16 11 4
34 34 3
11 25 4
21 11 4
24 22 4
32 15 3
2 10 4
3 19 4
18 22 4
35 1 3
5 7 4
33 7 4
31 19 4
8 92 4
15 8 4
13 39 4
21 19 3
28 30 4
30 3 4
1 12 4
25 55 3
5 27 4
23 15 4
13 12 4
4 16 3
9 31 3
62 62 3
27 9 4
95 19 3
19 13 4
34 10 3
10 13 4
4 13 4
14 29 4
7 29 3
7 18 4
7 30 4
3 11 4
75 37 4
7 21 4
23 17 4
32 24 4
27 3
96 96 94 9724
17 15 4
6 28 4
4 29 4
7 33 3
28 27 3
30 10 4
21 15 4
5 24 3
14 6 4
13 23 4
32 22 4
18 33 3
62 4 4
1 3 4
9 23 4
16 8 4
5 27 3
23 32 4
30 31 2
3 24 3
85 33 4
73 40 4
16 20 2
10 32 4
18 4 4
75 7 3
29 25 4
1 9 4
6 19 3
6 17 4
29 30 4
31 6 4
15 10 4
22 4 4
23 23 4
27 33 4
30 19 4
66 82 4
31 23 4
14 26 2
1 5 4
33 5 4
22 33 4
72 93 4
1 22 2
4 27 4
58 34 4
74 47 3
4 32 4
25 27 4
15 16 3
8 25 4
14 29 4
87 87 3
25 25 4
83 76 4
29 3 3
33 21 2
14 32 4
17 10 3
27 19 4
26 7 3
6 9 4
17 12 4
4 22 4
6 32 4
5 29 3
9 12 4
36 89 4
26 10 4
9 14 4
18 5 3
6 18 2
53 92 4
6 13 4
63 50 4
8 78 3
15 11 4
33 20 4
9 13 4
5 5 4
5 21 3
28 15 4
28 1 4
22 15 4
21 24 4
7 8 4
10 26 3
30 16 4
19 10 3
25 33 3
26 16 3
1 20 3
20 2 3
15 17
91 92 100 8306
16 22 3
37 52 4
9 1 4
15 16 3
1 14 3
13 2 4
59 50 4
9 3 4
72 10 3
1 1 3
7 18 3
21 14 4
19 6 4
2 11 3
15 17 4
6 20 4
16 20 4
4 10 3
5 13 4
8 14 4
1 21 4
7 20 4
11 17 4
16 11 4
13 10 4
22 5 4
6 21 3
9 19 3
1 20 4
3 9 3
5 22 4
21 4 4
1 3 4
81 20 4
22 3 4
16 16 4
11 11 4
41 27 4
17 1 4
16 21 4
4 14 4
15 7 4
38 88 4
5 11 4
9 16 3
2 9 4
17 58 4
12 7 4
10 3 3
22 12 3
10 10 4
19 18 3
22 9 4
16 18 3
13 11 3
4 2 4
91 4 4
21 18 4
19 11 4
17 19 4
9 14 4
17 18 4
11 2 4
20 4 4
13 19 3
3 10 4
6 14 4
17 12 4
15 6 4
2 13 4
58 70 3
5 21 4
1 5 4
10 23 4
16 82 4
11 19 4
3 11 3
1 8 3
16 2 4
13 20 3
15 13 4
14 15 4
19 12 4
8 7 4
12 2 4
45 21 4
16 12 4
10 13 4
69 34 3
59 6 3
70 76 4
56 36 4
10 5 4
15 22 4
16 7 4
6 10 4
14 7 4
18 23 4
5 23 2
14 17 4
8 6
99 95 94 6215
2 10 4
10 91 4
11 6 4
20 10 4
24 14 4
20 15 4
40 58 4
5 17 4
15 23 4
18 23 4
5 22 4
21 7 4
17 10 4
9 3 4
17 21 4
21 22 3
16 4 4
8 17 4
24 8 4
4 19 4
20 2 3
5 12 4
19 6 4
24 1 4
32 35 4
64 77 3
14 8 3
6 16 2
38 73 3
23 8 4
17 18 3
6 1 3
16 16 4
22 21 4
6 18 2
34 93 4
3 16 4
13 10 3
34 39 4
99 1 4
12 5 3
9 31 3
9 2 4
2 18 4
72 13 4
76 57 4
12 14 3
16 67 4
22 13 4
22 9 4
1 19 4
21 19 3
14 17 3
9 11 4
19 9 4
79 34 4
1 15 4
22 10 4
17 93 4
3 4 4
12 15 4
2 15 4
16 2 4
17 6 4
3 83 4
79 16 4
13 12 4
97 8 4
20 6 4
18 10 3
4 21 4
21 14 4
19 7 3
23 2 3
71 17 4
18 11 3
26 24 4
19 23 4
5 18 4
4 8 4
4 18 4
21 10 4
30 50 3
3 8 4
11 10 4
8 10 4
5 15 2
22 8 4
15 10 3
24 16 4
2 2 4
13 47 4
15 5 4
6 2 4
2 22
92 100 94 6658
21 18 4
6 6 4
3 13 4
15 22 4
39 86 3
12 1 4
16 22 3
9 4 3
1 10 4
65 19 4
15 6 4
18 1 4
22 15 3
1 2 3
13 20 4
2 18 2
9 18 4
23 20 4
19 15 4
15 25 3
8 23 4
5 23 4
20 14 4
19 23 3
17 19 4
20 9 3
21 13 4
2 17 3
13 1 4
10 18 3
11 1 4
10 3 3
4 4 4
19 10 4
5 24 3
4 8 4
13 23 3
19 24 3
18 16 4
28 84 3
3 4 4
7 14 4
21 3 4
11 4 4
1 19 4
85 23 4
52 32 3
20 24 4
17 22 4
15 96 4
5 20 4
9 9 4
3 6 4
14 21 4
8 2 3
16 6 4
14 7 3
4 13 4
18 19 4
20 12 3
15 8 4
14 16 3
15 13 4
45 54 4
14 20 4
18 26 4
91 6 2
5 17 3
18 25 4
14 24 4
3 17 4
12 18 4
21 8 4
17 17 4
22 11 4
20 3 4
21 4 4
5 9 3
53 55 4
14 1 4
6 16 4
6 24 4
41 100 3
49 81 4
2 24 4
16 16 3
16 9 4
14 22 4
20 11 4
12 2 3
49 15 4
5 11 4
5 19 3
7 12 4
22 23
98 93 96 3640
1 16 4
1 14 4
14 23 4
9 3 3
20 7 4
4 7 4
14 19 4
21 4 4
13 3 3
86 67 3
4 19 4
19 4 4
9 23 4
4 11 4
18 17 3
11 14 4
15 17 3
11 8 4
16 34 3
17 23 4
15 20 3
4 2 4
19 17 4
21 3 4
13 14 3
94 19 4
14 7 4
17 14 3
61 77 4
24 15 4
43 44 4
2 4 4
22 2 4
6 13 4
12 18 4
16 23 4
16 8 4
66 92 4
19 1 4
9 6 4
10 2 3
11 6 4
98 10 4
14 3 4
16 1 4
19 7 4
7 10 3
52 88 4
16 3 4
10 21 4
1 21 4
14 18 4
33 24 3
20 4 4
24 9 4
40 22 4
19 15 4
22 19 3
25 19 4
8 17 4
15 21 3
76 15 3
17 9 4
11 12 4
11 19 3
1 4 4
25 36 4
6 6 3
7 6 4
54 78 4
18 6 4
3 7 4
2 13 3
19 21 4
17 17 4
7 21 4
9 5 2
19 71 4
19 16 4
8 1 4
20 21 4
11 84 4
5 3 4
24 34 4
7 2 4
16 7 4
18 14 3
13 21 3
3 14 4
23 15 4
9 16 4
23 23 4
25 7 4
24 10 4
23 12 3
23 14 2
4 22
99 98 99 6992
8 31 3
6 17 3
22 50 4
18 8 4
95 23 4
23 5 4
9 1 3
24 12 3
24 5 4
42 25 4
8 24 4
10 71 3
17 17 2
13 21 3
94 66 3
14 18 4
24 17 2
20 13 3
10 2 4
2 23 4
2 4 4
16 23 4
17 10 4
2 6 4
65 30 3
10 5 4
22 43 4
3 3 4
19 5 3
14 14 4
17 18 4
23 23 3
66 89 4
46 79 4
9 3 4
5 44 4
7 11 4
12 12 4
13 8 4
16 3 4
21 89 4
10 3 4
8 20 4
23 10 4
2 17 4
15 8 3
22 10 3
81 13 3
2 10 4
6 7 3
23 3 2
4 11 4
11 6 4
18 10 3
15 24 4
82 75 4
74 56 4
21 14 3
6 23 4
13 2 4
2 14 4
2 8 4
5 13 4
13 9 4
14 22 4
7 1 4
18 21 4
8 23 4
20 8 3
13 13 4
15 21 3
18 17 4
7 22 4
24 11 3
22 19 4
13 5 4
12 5 3
15 4 4
6 11 3
9 21 3
4 7 4
7 20 3
17 3 4
9 8 4
10 4 3
18 4 4
87 91 4
26 40 3
21 10 3
18 14 4
21 20 4
27 93 4
23 1 4
9 10 4
18 19 4
20 14 4
79 4 3
22 4 4
1 7 4
14 12
92 97 99 4644
3 14 3
61 97 4
2 2 4
17 1 3
14 20 3
16 21 2
29 71 4
4 1 4
6 4 3
19 16 4
5 12 4
7 2 3
5 7 4
15 22 4
92 1 4
18 20 3
9 14 4
6 11 4
2 17 3
18 3 4
45 7 4
23 11 3
8 3 4
2 4 4
8 20 3
68 67 4
18 2 4
10 19 3
9 10 3
6 15 4
9 1 4
20 1 4
1 20 4
23 4 4
16 7 4
2 14 3
19 12 4
2 81 4
16 5 3
56 37 4
31 66 3
8 5 4
1 8 4
6 22 4
26 87 4
17 13 3
7 16 4
23 20 3
15 14 4
21 12 4
19 17 4
19 8 4
23 14 3
11 17 3
5 23 2
4 4 3
10 24 4
4 10 4
16 2 4
18 15 4
2 15 4
72 61 4
46 96 4
22 16 3
13 7 4
6 16 3
4 19 4
18 14 4
46 10 4
4 55 4
8 15 4
73 2 3
1 89 4
22 7 4
11 2 3
2 18 3
20 11 4
14 12 2
3 15 4
14 15 4
21 11 3
19 18 3
39 64 4
59 61 4
14 6 3
22 3 4
9 12 4
4 13 3
61 90 4
14 23 4
3 96 4
9 3 4
22 17 3
4 22 4
3 23 3
16 10 3
20 23 3
21 23 3
4 24 4
23 3
99 99 95 65
20 24 3
6 11 4
22 18 3
67 47 4
21 1 4
88 27 4
17 4 4
5 16 3
3 9 4
11 9 3
11 6 3
80 79 4
1 6 4
1 8 3
55 95 4
20 21 4
19 17 4
72 65 2
9 55 4
12 20 4
10 23 4
69 58 4
23 3 3
13 12 4
21 22 4
89 54 4
18 4 3
23 88 4
72 14 4
63 29 4
8 19 3
20 31 3
3 3 4
22 22 4
5 4 3
21 15 3
9 15 4
7 11 4
6 4 3
34 47 4
4 13 3
12 5 1
4 53 4
8 6 4
16 14 4
22 5 4
5 8 4
4 10 4
21 8 4
12 13 4
39 13 4
6 22 4
88 74 4
13 19 4
14 36 4
14 5 4
78 71 4
18 10 4
18 13 3
16 5 3
10 17 3
24 3 4
9 7 4
23 9 4
15 8 4
15 21 4
7 20 4
36 53 4
17 18 4
33 71 4
50 13 3
8 2 4
10 21 3
3 23 4
22 98 4
20 9 4
15 18 4
23 12 4
23 8 3
16 24 4
97 40 3
2 20 3
4 11 4
21 24 3
22 3 4
20 6 4
21 21 4
5 7 4
16 9 4
13 23 4
98 35 4
13 9 4
14 18 4
72 51 4
23 13 3
2 22
99 91 97 4545
10 11 3
19 5 3
6 8 3
17 2 3
19 3 4
16 7 4
8 15 4
15 15 4
2 6 4
12 6 3
13 9 3
6 69 4
8 1 4
10 5 4
22 1 4
7 20 4
64 59 4
3 4 4
8 6 4
15 20 4
7 22 4
10 10 3
15 2 3
99 8 4
14 85 3
63 54 4
7 17 4
13 20 2
5 12 4
24 16 4
4 19 3
62 66 4
13 33 4
10 4 4
23 10 4
2 2 4
17 10 4
11 19 3
17 14 4
50 29 4
2 18 3
10 17 3
8 7 2
28 82 4
13 28 4
13 12 3
23 13 4
14 20 4
3 6 4
19 6 4
23 5 4
12 22 3
13 14 4
7 3 4
17 17 4
1 8 4
3 9 4
20 15 4
22 9 4
12 1 4
72 15 4
8 4 4
10 9 4
5 8 4
95 15 4
4 2 4
63 38 4
24 14 3
3 21 4
79 18 4
6 41 3
5 13 3
13 8 4
16 6 3
22 20 4
19 20 3
89 50 3
2 10 3
20 2 4
6 12 3
7 14 4
20 10 4
56 26 4
14 3 3
4 20 3
1 6 4
17 6 4
13 17 4
21 7 4
1 2 3
23 20 4
95 57 4
13 81 4
44 60 4
17 11 4
2 12 4
8 21 4
12 12
95 98 97 9215
13 2 4
20 3 3
87 82 4
18 2 4
8 5 3
2 20 4
4 12 4
3 12 3
5 12 4
76 61 4
21 9 4
15 6 3
8 9 3
9 20 4
5 5 4
18 23 4
71 42 4
1 7 4
15 19 4
18 8 4
20 17 4
4 11 4
5 2 4
17 12 4
13 19 4
30 68 4
18 20 3
55 29 4
62 75 4
1 19 4
82 82 3
23 13 4
5 14 4
14 20 3
14 1 4
13 10 4
40 13 4
8 4 4
22 3 4
6 20 4
16 6 4
14 5 4
19 7 4
15 15 4
11 20 4
47 71 4
4 2 4
38 24 4
14 15 4
20 22 4
19 4 4
12 12 4
12 13 4
69 73 3
10 1 3
2 18 4
17 10 3
15 22 4
13 8 4
2 1 4
6 2 4
21 8 4
6 1 4
7 10 4
52 81 4
6 19 4
22 17 3
78 95 4
6 16 4
14 12 4
13 7 4
8 20 2
91 65 4
2 4 3
14 3 4
13 11 4
4 5 4
4 21 2
17 9 4
12 10 4
4 19 3
95 6 4
46 41 4
4 15 4
1 3 4
9 16 4
13 40 3
22 8 4
17 17 3
18 16 4
9 22 3
23 8 4
3 3 3
23 1 4
15 17 4
2 7 4
23 4 4
1 5
100 99 98 5015
23 14 4
8 11 4
27 36 4
21 17 4
97 37 3
7 17 4
70 97 3
4 20 4
15 24 4
8 24 4
11 2 3
21 4 3
25 23 4
6 3 4
15 18 4
13 20 3
14 21 3
5 9 4
10 20 4
22 22 4
18 23 4
4 5 3
13 3 4
9 2 3
12 11 4
49 32 3
6 9 4
1 11 4
24 19 4
17 23 3
25 18 4
22 2 4
21 7 4
18 9 4
19 5 4
6 14 3
19 19 4
3 13 3
3 24 4
36 43 4
87 44 3
10 6 3
94 49 3
55 82 4
19 23 3
14 18 4
5 13 4
17 7 4
5 7 4
25 4 4
44 5 4
25 16 3
1 13 4
1 16 3
14 13 3
7 8 4
24 9 3
9 8 3
58 92 4
15 8 4
7 18 4
16 4 4
4 19 4
86 21 4
17 18 3
5 5 4
6 16 4
9 13 3
15 23 4
6 8 4
13 9 2
21 12 4
62 30 4
23 20 4
21 13 4
24 5 3
5 19 4
8 14 4
19 11 3
33 24 4
24 12 3
2 8 4
21 2 3
5 17 3
21 3 4
41 91 4
12 3 4
8 86 4
20 6 4
17 22 3
11 22 4
10 21 3
6 5 4
20 21 4
18 22 3
19 2 4
6 24 3
55 92 4
19 24
94 96 94 7322
10 8 4
9 7 4
3 5 4
10 5 4
2 8 4
7 90 4
14 3 4
78 10 4
60 39 3
3 2 3
12 4 4
7 13 4
13 1 4
6 14 3
3 7 4
6 6 4
7 5 4
13 3 4
4 1 4
6 2 4
14 5 4
5 6 3
32 41 4
2 9 4
3 3 2
10 11 4
4 4 4
29 25 4
2 6 4
1 5 4
15 83 3
84 38 4
9 13 4
9 1 2
1 14 4
7 12 4
4 2 4
8 6 4
5 10 4
2 12 2
8 10 4
5 13 4
5 2 3
10 7 4
3 6 4
11 3 3
14 9 4
1 8 4
11 7 4
4 3 4
5 9 4
8 3 4
40 20 4
1 3 3
70 38 4
4 13 4
33 33 4
53 80 4
13 4 4
2 11 3
8 4 4
7 9 4
2 10 4
8 14 4
3 8 2
12 3 4
10 9 4
10 1 4
70 65 3
5 11 4
70 1 4
6 12 4
2 4 4
1 7 3
14 13 4
3 9 4
10 13 4
5 4 4
2 2 3
13 7 3
9 5 4
1 2 2
4 12 4
23 19 2
94 57 4
11 10 4
11 4 3
68 29 3
12 9 4
13 8 4
14 2 4
5 3 3
2 1 4
4 7 4
11 5
93 100 96 3248
2 2 4
9 2 4
92 77 4
4 5 4
13 5 4
8 12 4
10 1 4
7 42 3
12 8 3
12 13 4
68 53 3
5 12 4
49 74 4
63 63 4
6 11 4
7 5 3
5 7 4
4 15 4
9 4 4
8 15 4
12 1 4
4 2 4
7 6 3
1 7 4
13 6 4
8 8 3
5 15 4
10 14 3
7 10 4
9 7 4
8 9 4
11 6 4
6 12 4
2 6 4
88 53 4
7 15 2
4 13 4
8 4 4
9 3 4
53 19 3
13 1 4
4 28 4
3 12 4
11 5 3
11 1 4
7 14 4
12 2 4
1 2 3
38 74 4
12 7 4
2 3 4
7 11 4
11 10 4
4 12 3
4 10 4
10 7 3
1 1 4
10 11 3
2 15 4
1 14 3
6 1 2
5 10 4
13 10 4
2 1 4
5 5 4
10 6 3
8 7 3
90 13 3
2 10 3
10 4 4
9 14 4
5 2 4
11 15 3
12 14 4
9 11 4
10 3 4
6 13 4
3 6 3
10 13 4
7 12 3
6 15 4
13 4 4
12 3 4
6 7 4
5 62 4
11 2 4
10 2 4
66 13 3
10 10 4
69 94 4
10 15 4
12 11 4
11 7 2
9 8 4
6 8 4
1 8 3
11 9
98 96 97 370
49 54 4
10 10 3
10 13 3
4 9 4
12 7 4
1 10 4
14 12 4
13 14 4
2 11 4
11 14 4
7 6 2
68 84 4
12 10 3
4 5 4
3 10 4
13 11 4
10 3 3
33 4 4
9 11 4
67 45 4
4 11 4
1 12 4
2 12 4
7 11 4
6 10 4
14 10 4
12 2 4
70 14 4
8 7 4
2 5 3
4 3 4
8 5 3
2 1 4
13 4 4
4 10 4
11 7 4
83 71 4
12 11 4
14 8 4
13 6 3
9 14 4
13 1 4
3 9 4
2 13 4
13 7 2
12 8 4
9 6 4
10 5 4
7 7 4
11 10 4
1 14 4
6 7 3
4 8 4
5 5 4
14 11 4
7 9 3
63 49 4
12 14 3
11 13 4
57 21 3
6 89 4
1 2 3
5 3 4
9 12 4
6 1 3
23 67 4
1 11 2
93 53 4
4 1 4
11 11 4
7 95 4
4 13 3
13 8 4
11 12 4
9 1 4
5 10 4
10 1 3
6 14 4
14 6 4
2 10 4
8 9 4
7 13 3
8 4 4
86 73 4
5 9 4
10 9 4
12 3 4
9 8 4
28 61 4
84 58 4
10 8 4
3 6 4
12 9 4
5 7 3
5 13 4
65 49 4
13 12 2
1 1
99 96 93 7385
9 13 4
9 12 4
10 14 4
8 10 3
61 78 4
1 5 4
90 93 4
5 3 4
4 6 3
2 5 4
92 13 3
8 2 4
26 85 4
92 34 4
12 2 4
3 1 4
1 12 4
46 53 4
8 3 4
21 45 3
6 1 3
7 13 4
26 70 3
2 4 4
7 1 3
1 11 3
10 10 4
13 27 3
2 9 4
14 3 4
3 6 4
7 3 4
44 9 2
6 13 3
7 2 4
10 9 3
12 7 4
12 6 4
11 12 4
14 12 3
3 2 4
9 4 4
67 41 4
9 5 4
32 65 3
97 67 4
13 5 4
1 1 4
13 10 4
7 7 3
3 12 4
14 14 3
3 10 4
18 17 3
10 1 4
34 74 3
31 45 3
9 2 3
1 2 3
95 96 2
11 9 3
11 5 4
10 4 4
86 82 3
6 5 4
3 4 4
12 13 4
11 3 4
8 13 4
42 76 4
36 59 3
12 9 4
10 3 4
6 7 4
9 3 3
6 2 2
47 22 4
12 8 4
11 7 4
14 1 4
6 3 4
12 12 4
13 7 3
5 1 4
4 1 3
4 9 3
78 89 4
97 39 4
2 11 3
11 2 3
4 5 4
13 6 3
5 8 3
11 13
92 99 92 8501
5 13 4
6 10 3
60 74 3
5 3 4
3 10 4
8 6 3
76 34 4
7 11 4
4 3 4
7 9 3
10 14 4
16 13 3
3 1 3
9 5 4
8 10 2
5 38 4
69 36 3
13 14 3
7 1 4
90 44 4
4 14 2
66 23 3
2 1 4
10 13 3
10 9 4
3 9 4
31 72 4
10 2 4
6 2 3
10 8 4
6 1 4
8 13 4
2 9 4
2 8 4
5 5 4
12 11 3
14 42 4
3 8 4
8 2 4
2 2 4
2 14 4
13 4 4
2 5 4
1 4 4
11 3 4
7 14 4
1 7 4
58 48 4
7 6 4
13 8 4
86 72 2
11 8 4
8 5 4
4 9 4
3 4 4
9 12 4
5 11 3
5 6 4
6 8 4
3 5 3
21 57 4
11 11 4
10 12 4
8 7 4
13 1 4
12 5 4
9 2 4
11 5 3
9 3 4
5 12 3
91 9 3
88 6 3
6 11 4
4 1 4
9 4 2
16 41 4
5 9 4
1 12 4
14 26 4
12 7 4
83 3 4
4 2 4
51 34 4
4 53 4
5 4 4
12 2 4
12 13 4
52 59 4
1 9 2
10 6 4
6 13 4
6 4 4
1 6
92 94 100 4936
10 14 3
9 8 4
1 4 4
11 5 3
85 56 4
5 1 3
7 10 3
9 10 4
4 7 4
87 64 4
43 69 4
11 12 3
11 2 4
81 70 4
4 9 4
9 11 3
13 14 4
3 7 4
60 55 4
12 4 4
12 8 4
12 13 4
24 66 4
90 34 4
6 8 4
6 13 4
11 1 2
4 12 3
18 22 4
13 7 4
1 1 4
2 7 4
9 9 3
8 5 4
3 2 4
1 13 4
4 6 4
6 2 4
12 6 3
8 3 4
11 6 4
1 12 3
3 8 4
3 5 4
1 10 3
10 11 3
73 90 4
13 4 4
5 11 4
5 7 3
55 62 3
10 5 4
13 1 4
8 11 4
4 5 4
86 33 4
6 10 4
11 8 4
4 10 4
13 13 3
13 3 4
12 7 3
86 91 4
72 80 4
9 5 4
12 5 3
64 66 3
4 8 4
5 3 4
11 4 4
6 5 4
57 93 4
8 9 3
12 12 3
7 5 4
6 1 3
12 10 4
40 31 3
11 9 3
10 13 3
57 33 3
10 10 4
5 10 3
7 6 4
10 2 4
5 5 3
7 12 3
3 3 4
13 9 4
13 12 3
1 3 4
13 10 4
8 1 4
2 13 4
4 3 4
7 11 4
7 8 4
9 12 4
6 4 4
13 8 3
2 5
94 97 99 1902
49 78 4
7 1 3
1 13 4
71 92 3
9 13 4
11 12 4
46 55 4
3 5 4
12 7 4
2 6 3
7 9 4
3 11 2
2 3 4
11 8 4
11 5 4
12 11 4
14 10 4
14 14 4
5 11 3
58 7 4
12 5 4
17 29 4
6 7 4
12 13 4
9 1 4
14 6 4
10 13 4
2 8 3
6 5 3
13 2 4
4 3 3
4 10 4
91 54 4
18 69 4
10 4 4
46 84 4
34 85 4
3 13 3
3 8 4
1 7 3
78 11 3
1 5 4
7 4 4
8 8 3
39 92 4
2 5 4
6 4 3
5 8 4
11 9 4
5 14 4
2 10 4
6 3 3
11 7 4
9 4 4
8 14 4
12 2 3
13 4 4
2 9 4
13 1 4
8 3 3
8 1 4
5 4 4
9 8 4
10 12 4
11 3 3
12 10 4
8 6 3
7 12 4
10 14 4
14 11 4
14 9 3
2 12 4
8 2 4
1 12 3
12 6 3
3 2 4
62 49 4
2 2 3
14 5 4
11 11 4
12 9 3
76 95 4
1 3 4
2 11 4
10 3 4
7 85 4
3 14 4
69 53 4
7 2 3
3 3 4
10 10 3
7 7 4
13 7 4
32 71 2
13 12 4
11 1 3
27 92 4
8 12 4
12 3 3
1 2
96 100 97 6185
10 6 4
10 2 3
7 6 3
94 97 4
13 15 4
4 10 3
3 11 4
2 2 4
10 4 2
14 13 4
12 10 4
12 3 3
11 4 4
3 3 3
1 10 3
11 9 3
2 9 3
3 6 4
13 4 4
9 83 3
6 8 4
2 1 3
5 1 4
3 14 4
42 97 4
4 6 4
6 15 4
11 56 4
10 9 4
4 2 4
10 3 4
9 8 4
7 12 4
7 11 4
5 10 3
4 15 4
7 8 4
9 13 3
5 11 4
8 12 4
4 11 4
58 47 4
13 6 4
5 2 3
5 8 4
3 13 3
5 5 4
9 2 4
2 10 4
9 10 4
12 6 3
1 13 4
6 9 3
8 13 4
6 1 4
6 11 4
8 6 4
8 2 4
14 9 3
2 3 4
3 8 1
2 13 4
83 39 4
81 84 4
14 5 4
14 10 3
54 87 3
14 6 3
13 7 4
10 14 3
4 22 3
1 2 4
6 4 4
11 5 3
86 59 4
94 59 4
6 2 4
6 13 4
2 12 4
14 4 3
1 7 4
12 9 4
9 3 4
49 66 4
13 3 4
9 6 4
14 3 3
81 52 4
1 11 3
16 50 4
46 29 4
12 11 4
12 5 4
1 4 4
1 9 4
67 22 4
12 1 4
8 1
92 91 99 1951
6 3 4
81 77 3
7 2 4
22 49 3
80 83 4
73 67 4
7 5 4
7 1 4
11 1 4
5 1 3
11 4 2
86 28 4
5 5 4
4 9 3
12 1 4
10 6 4
7 13 3
9 8 4
9 6 3
4 10 4
77 40 4
6 6 4
12 9 2
8 1 4
5 4 4
10 1 4
13 11 4
6 5 3
4 1 4
5 10 4
2 3 4
3 13 3
68 91 4
3 10 4
7 21 3
10 11 4
58 27 4
8 13 4
2 10 4
11 7 3
7 9 4
8 9 4
6 11 3
3 5 4
10 2 4
85 90 4
12 2 4
1 4 4
9 9 3
72 28 4
11 6 4
12 5 4
33 17 4
2 12 4
7 4 4
12 4 4
9 12 4
91 22 4
37 63 4
1 3 3
37 13 4
6 4 4
1 10 4
11 8 4
11 3 4
66 48 4
5 7 4
8 11 3
12 3 4
60 32 4
46 7 4
89 90 4
61 5 3
11 13 4
5 77 4
11 10 2
2 6 4
10 13 4
4 11 4
1 9 3
9 3 4
7 8 4
10 8 4
3 4 4
13 2 4
32 57 4
44 15 3
42 59 4
2 11 2
9 2 4
2 2 3
9 4 3
11 9 3
8 12 4
4 8 4
5 6 4
5 3 4
5 12 4
5 8 4
2 5
100 100 95 1106
9 5 3
11 1 4
68 57 3
13 6 3
12 4 4
6 4 4
7 8 2
64 47 4
3 6 4
12 11 4
15 8 4
8 12 4
12 9 3
6 5 4
9 1 3
13 10 4
66 81 4
8 1 4
14 3 3
13 4 4
1 5 4
4 3 4
11 5 3
10 3 4
13 11 4
1 2 4
3 15 4
12 12 3
1 7 4
12 14 4
12 6 4
5 8 4
15 4 2
1 9 3
11 14 4
9 50 3
68 16 4
3 8 4
8 14 3
9 8 4
6 1 4
5 12 4
34 67 3
3 10 3
5 11 4
88 75 4
1 6 3
11 2 4
34 58 4
13 9 4
12 15 4
9 3 3
10 13 3
7 13 4
38 75 4
12 10 4
4 13 4
10 5 4
11 7 4
15 10 4
8 11 4
4 1 3
8 13 4
14 2 4
10 11 3
3 9 3
15 5 4
14 4 4
1 1 3
83 75 3
8 4 4
43 92 4
5 10 4
40 10 4
12 5 4
7 9 4
3 14 4
6 7 3
1 21 4
14 14 3
4 10 4
5 7 3
3 12 3
7 2 3
13 13 3
32 6 4
12 3 3
3 5 4
49 1 3
15 14 4
6 10 3
75 62 4
4 11 4
10 8 3
2 12 4
15 13
95 94 94 1780
83 3 4
83 42 4
36 36 4
27 61 4
58 23 4
21 71 4
95 2 4
47 90 4
23 69 4
65 94 4
21 85 4
41 53 4
51 41 4
50 8 4
12 66 4
37 61 4
89 29 4
40 92 4
41 85 4
42 39 4
41 42 4
90 8 4
48 3 4
12 48 4
70 34 4
37 13 4
89 64 4
91 52 4
62 65 4
15 1 4
7 69 4
50 90 4
42 13 4
60 73 4
27 90 4
92 13 4
65 41 4
9 36 4
60 53 4
95 73 4
26 2 4
90 23 4
22 52 4
37 44 4
62 89 4
83 13 4
83 73 4
41 44 4
42 59 4
27 49 4
63 60 4
21 41 4
53 57 4
69 94 4
42 89 4
36 27 4
27 65 4
7 73 4
22 34 4
91 29 4
64 76 4
9 60 4
11 22 4
27 57 4
53 49 4
71 78 4
27 71 4
65 64 4
48 5 4
51 14 4
15 92 4
62 49 4
79 47 4
11 52 4
62 14 4
47 49 4
72 59 4
8 14 4
21 25 4
64 1 4
42 25 4
63 39 4
65 90 4
40 14 4
23 5 4
92 52 4
72 47 4
69 66 4
58 22 4
8 78 4
71 41 4
26 48 4
79 76 4
37 27 4
70 78
91 97 95 6685
68 69 4
22 76 4
61 93 4
91 9 4
53 35 4
23 17 4
34 9 4
81 41 4
24 24 4
3 12 4
33 19 4
3 13 4
5 57 4
6 34 4
41 74 4
54 36 4
82 63 4
34 63 4
91 59 4
22 62 4
73 29 4
68 19 4
26 9 4
27 60 4
54 24 4
66 66 4
1 12 4
7 93 4
31 29 4
17 59 4
24 35 4
14 76 4
23 67 4
3 33 4
1 74 4
67 51 4
27 86 4
7 63 4
22 93 4
54 63 4
32 76 4
6 60 4
59 36 4
16 85 4
22 45 4
82 26 4
34 17 4
68 45 4
84 94 4
48 9 4
12 45 4
86 63 4
3 63 4
53 94 4
7 84 4
62 79 4
41 45 4
31 70 4
86 62 4
26 86 4
33 33 4
59 1 4
48 75 4
66 76 4
62 67 4
7 13 4
3 79 4
34 5 4
14 26 4
1 93 4
1 85 4
16 69 4
67 34 4
12 5 4
51 84 4
3 52 4
44 24 4
9 1 4
7 52 4
51 79 4
81 48 4
7 66 4
45 91 4
73 91 4
84 70 4
17 69 4
9 41 4
5 24 4
32 75 4
44 69 4
54 57 4
41 48 4
68 26 4
41 51 4
45 79 4
4 26
92 91 97 9505
74 20 4
21 88 4
25 86 4
16 75 4
21 42 4
8 52 4
45 36 4
81 41 4
33 71 4
18 11 4
50 70 4
57 7 4
47 11 4
49 20 4
52 87 4
49 88 4
60 68 4
46 11 4
46 8 4
35 20 4
60 36 4
48 6 4
48 16 4
23 68 4
54 53 4
90 50 4
58 30 4
55 73 4
81 12 4
19 86 4
49 50 4
45 68 4
80 48 4
91 68 4
69 79 4
53 42 4
52 46 4
86 65 4
83 88 4
59 81 4
55 65 4
19 70 4
45 70 4
59 48 4
54 81 4
27 75 4
33 42 4
80 90 4
1 44 4
7 70 4
81 90 4
47 73 4
10 43 4
18 30 4
90 70 4
45 12 4
7 54 4
59 67 4
86 78 4
35 53 4
59 43 4
25 70 4
64 87 4
74 42 4
51 74 4
53 43 4
52 6 4
52 67 4
8 36 4
25 68 4
81 68 4
58 64 4
18 12 4
69 74 4
1 48 4
45 43 4
64 20 4
64 78 4
49 8 4
50 7 4
64 41 4
25 64 4
91 36 4
60 54 4
60 11 4
27 52 4
18 79 4
49 71 4
16 88 4
49 12 4
45 77 4
23 77 4
83 16 4
51 12 4
83 44 4
10 46 4
83 12 4
53 48
95 99 95 2920
11 20 4
86 50 4
14 3 4
73 99 4
59 31 4
87 68 4
61 57 4
30 79 4
43 80 4
74 24 4
11 7 4
17 86 4
8 90 4
22 99 4
85 20 4
13 53 4
51 38 4
25 8 4
94 64 4
78 44 4
16 50 4
3 74 4
85 8 4
64 61 4
6 8 4
62 58 4
2 8 4
11 9 4
55 67 4
25 38 4
8 68 4
14 5 4
61 97 4
39 58 4
8 14 4
3 50 4
51 46 4
16 46 4
22 62 4
25 22 4
49 8 4
1 61 4
50 90 4
73 9 4
62 38 4
34 14 4
59 78 4
9 48 4
62 22 4
94 53 4
94 63 4
94 37 4
86 3 4
64 97 4
11 57 4
2 67 4
41 78 4
55 46 4
47 91 4
88 46 4
12 48 4
87 91 4
11 79 4
13 94 4
39 86 4
51 8 4
25 7 4
51 4 4
88 62 4
8 48 4
55 77 4
32 86 4
9 5 4
32 24 4
6 74 4
50 80 4
41 99 4
74 15 4
1 48 4
55 59 4
25 31 4
62 4 4
34 86 4
12 38 4
30 44 4
55 50 4
88 77 4
43 63 4
17 59 4
55 10 4
11 94 4
47 99 4
49 37 4
88 15 4
25 64 4
27 10
96 93 99 5898
45 1 4
56 91 4
48 35 4
70 89 4
56 23 4
53 61 4
27 31 4
72 62 4
9 39 4
12 39 4
24 18 4
40 2 4
1 33 4
65 18 4
82 29 4
95 90 4
27 44 4
9 31 4
80 12 4
62 84 4
60 35 4
1 57 4
33 93 4
76 19 4
92 68 4
24 50 4
82 62 4
4 89 4
8 73 4
80 38 4
82 44 4
62 17 4
9 52 4
95 72 4
23 92 4
33 33 4
62 47 4
15 38 4
89 77 4
4 77 4
31 45 4
89 26 4
84 89 4
80 23 4
19 17 4
53 89 4
62 31 4
79 26 4
11 73 4
72 11 4
8 61 4
19 38 4
45 23 4
16 26 4
19 1 4
70 61 4
53 9 4
31 91 4
31 15 4
1 29 4
24 46 4
96 74 4
7 46 4
53 31 4
96 2 4
65 15 4
24 90 4
40 23 4
17 8 4
11 8 4
35 19 4
35 61 4
86 12 4
62 11 4
80 35 4
37 67 4
84 67 4
1 65 4
72 74 4
76 16 4
17 9 4
72 68 4
86 50 4
31 47 4
60 26 4
16 52 4
37 84 4
48 57 4
39 8 4
7 35 4
62 65 4
79 72 4
15 16 4
82 93 4
9 92 4
23 52 4
92 52 4
12 45 4
39 38 4
2 8
97 97 97 7030
33 93 4
94 5 4
27 25 4
61 15 4
68 57 4
10 32 4
10 28 4
77 14 4
11 64 4
82 94 4
13 25 4
1 24 4
31 92 4
81 36 4
81 16 4
3 70 4
73 43 4
79 80 4
87 45 4
11 97 4
63 93 4
30 6 4
29 86 4
32 62 4
65 84 4
68 47 4
23 57 4
45 84 4
79 84 4
31 61 4
88 12 4
75 44 4
88 59 4
9 2 4
30 2 4
96 62 4
32 12 4
94 97 4
87 94 4
88 2 4
91 32 4
23 52 4
94 67 4
8 6 4
61 19 4
1 36 4
94 30 4
57 72 4
9 93 4
19 19 4
83 56 4
5 70 4
32 14 4
87 2 4
91 92 4
13 86 4
15 50 4
8 92 4
19 2 4
55 51 4
33 32 4
45 45 4
22 51 4
54 68 4
15 44 4
9 30 4
5 50 4
75 31 4
83 47 4
38 44 4
8 79 4
24 3 4
22 93 4
57 15 4
55 68 4
8 31 4
57 80 4
77 79 4
54 61 4
88 28 4
82 3 4
27 43 4
22 92 4
51 2 4
29 32 4
9 52 4
87 92 4
3 5 4
73 16 4
24 56 4
38 64 4
57 59 4
32 67 4
22 44 4
63 24 4
65 72 4
96 92 4
61 84
99 95 94 8580
3 30 4
31 2 4
51 74 4
53 37 4
68 28 4
15 2 4
66 69 4
49 9 4
99 17 4
52 61 4
87 72 4
74 2 4
70 44 4
19 91 4
91 69 4
31 64 4
30 37 4
28 61 4
11 90 4
99 93 4
99 88 4
84 44 4
69 72 4
11 18 4
38 27 4
99 37 4
85 90 4
68 88 4
54 47 4
8 58 4
38 74 4
61 79 4
52 18 4
15 56 4
46 35 4
66 2 4
8 77 4
75 37 4
3 39 4
84 2 4
69 2 4
61 63 4
67 35 4
8 27 4
73 33 4
13 53 4
49 77 4
13 58 4
6 2 4
6 53 4
46 91 4
22 28 4
80 2 4
85 9 4
85 62 4
70 34 4
20 60 4
92 33 4
28 63 4
19 60 4
8 87 4
35 93 4
90 91 4
13 67 4
53 27 4
76 59 4
32 64 4
61 9 4
13 64 4
20 90 4
84 90 4
84 87 4
90 39 4
73 34 4
91 57 4
14 57 4
20 59 4
32 87 4
54 17 4
20 35 4
92 90 4
80 62 4
76 56 4
18 67 4
35 91 4
75 90 4
30 47 4
18 35 4
85 30 4
67 87 4
22 27 4
74 64 4
51 79 4
14 9 4
61 40
94 96 91 7078
82 89 4
3 19 4
8 42 4
50 93 4
75 2 4
3 44 4
83 63 4
8 63 4
24 90 4
93 51 4
85 70 4
59 45 4
42 44 4
16 10 4
88 25 4
91 88 4
43 20 4
8 22 4
42 84 4
69 15 4
81 30 4
82 22 4
32 70 4
33 57 4
49 93 4
37 88 4
39 75 4
61 19 4
87 71 4
62 91 4
75 82 4
87 90 4
69 72 4
93 38 4
48 57 4
61 32 4
1 41 4
94 82 4
27 57 4
91 43 4
93 31 4
8 49 4
33 25 4
37 84 4
1 52 4
49 52 4
32 10 4
90 45 4
36 57 4
39 11 4
27 15 4
91 11 4
66 56 4
81 25 4
26 15 4
83 75 4
94 32 4
50 49 4
3 25 4
19 89 4
42 80 4
90 38 4
42 25 4
83 47 4
42 86 4
30 47 4
81 89 4
33 58 4
62 25 4
59 72 4
19 58 4
88 61 4
93 42 4
33 43 4
91 25 4
30 70 4
3 71 4
19 61 4
43 2 4
16 25 4
82 30 4
42 20 4
66 80 4
24 70 4
83 56 4
36 86 4
82 31 4
85 15 4
81 51 4
19 91 4
26 41 4
66 89
99 93 93 2146
80 14 4
71 85 4
44 85 4
85 11 4
57 78 4
76 4 4
44 45 4
62 93 4
5 13 4
85 80 4
15 4 4
43 61 4
77 10 4
42 67 4
86 54 4
48 59 4
80 35 4
3 63 4
84 24 4
85 44 4
59 81 4
84 77 4
53 21 4
14 12 4
3 8 4
26 3 4
51 78 4
1 7 4
80 80 4
86 33 4
25 75 4
26 14 4
23 4 4
48 89 4
62 4 4
97 31 4
51 13 4
75 89 4
75 18 4
43 85 4
2 21 4
56 12 4
83 70 4
11 67 4
42 26 4
74 93 4
97 7 4
76 59 4
83 34 4
30 54 4
44 80 4
58 77 4
97 35 4
14 75 4
77 63 4
53 81 4
59 85 4
80 67 4
60 10 4
25 60 4
11 24 4
6 33 4
80 22 4
82 22 4
58 14 4
97 26 4
50 44 4
17 34 4
15 3 4
30 31 4
5 67 4
44 7 4
2 80 4
23 33 4
60 3 4
56 45 4
82 63 4
75 3 4
1 70 4
57 33 4
8 11 4
6 8 4
71 7 4
17 37 4
75 14 4
56 63 4
75 42 4
75 37 4
74 34 4
50 42 4
8 18 4
85 34 4
80 60 4
57 61
92 99 92 9763
12 15 4
57 18 4
62 18 4
45 8 4
61 50 4
39 26 4
13 71 4
11 20 4
44 84 4
31 69 4
13 27 4
61 49 4
56 28 4
22 50 4
9 29 4
13 34 4
75 82 4
20 40 4
60 71 4
21 24 4
46 27 4
30 47 4
22 49 4
27 8 4
25 66 4
68 24 4
51 44 4
17 40 4
10 20 4
31 85 4
52 39 4
54 71 4
92 88 4
21 69 4
8 84 4
35 66 4
71 33 4
56 39 4
10 86 4
15 29 4
15 78 4
31 9 4
61 63 4
25 85 4
68 86 4
62 28 4
39 16 4
12 85 4
53 27 4
70 85 4
53 69 4
8 32 4
9 49 4
61 77 4
70 32 4
22 28 4
66 57 4
80 25 4
85 88 4
66 69 4
62 8 4
30 80 4
26 57 4
57 49 4
60 47 4
26 9 4
33 34 4
45 74 4
35 82 4
22 46 4
31 27 4
19 74 4
52 94 4
3 94 4
13 30 4
51 77 4
44 8 4
3 33 4
46 63 4
11 16 4
80 53 4
33 46 4
71 44 4
39 25 4
17 26 4
27 15 4
85 53 4
54 78 4
92 30 4
62 80 4
75 28 4
20 71 4
19 88
95 94 93 5397
30 63 4
12 60 4
19 22 4
83 38 4
80 24 4
44 69 4
30 67 4
14 29 4
5 14 4
71 41 4
79 80 4
10 87 4
5 34 4
9 43 4
72 48 4
73 38 4
71 44 4
44 57 4
19 24 4
59 60 4
36 44 4
86 4 4
72 52 4
16 85 4
57 48 4
57 88 4
59 74 4
19 33 4
30 61 4
45 64 4
1 88 4
70 34 4
57 35 4
1 13 4
63 22 4
12 35 4
29 76 4
73 74 4
70 10 4
16 16 4
29 42 4
3 21 4
4 84 4
44 93 4
86 63 4
8 6 4
43 85 4
78 61 4
36 24 4
77 76 4
4 4 4
80 13 4
14 93 4
57 80 4
83 21 4
44 36 4
73 63 4
51 38 4
62 42 4
44 22 4
58 60 4
52 64 4
75 84 4
44 78 4
1 63 4
30 6 4
15 67 4
1 42 4
45 11 4
43 42 4
5 64 4
71 22 4
10 16 4
3 41 4
5 87 4
58 78 4
75 36 4
63 18 4
8 13 4
9 18 4
51 10 4
79 69 4
71 52 4
15 43 4
73 13 4
19 64 4
77 57 4
30 11 4
72 24 4
30 38 4
62 29 4
72 14 4
52 33 4
21 60
96 91 95 1462
44 68 4
62 76 4
45 38 4
5 52 4
20 84 4
21 51 4
20 2 4
92 3 4
54 18 4
34 88 4
20 48 4
54 73 4
50 29 4
21 25 4
89 26 4
58 32 4
40 45 4
75 33 4
7 56 4
13 87 4
22 52 4
75 9 4
22 68 4
44 40 4
33 73 4
5 76 4
16 48 4
33 4 4
88 61 4
85 9 4
44 48 4
75 13 4
12 45 4
27 25 4
33 61 4
88 51 4
43 18 4
79 41 4
5 17 4
23 39 4
47 86 4
89 29 4
7 87 4
34 7 4
20 32 4
54 72 4
91 65 4
43 13 4
49 7 4
87 15 4
44 73 4
45 84 4
45 68 4
88 72 4
50 48 4
21 73 4
49 15 4
63 51 4
91 33 4
89 38 4
87 2 4
44 29 4
44 39 4
27 52 4
79 68 4
63 18 4
12 88 4
47 46 4
7 42 4
54 41 4
13 3 4
62 25 4
79 26 4
45 25 4
21 17 4
79 52 4
90 86 4
47 40 4
90 72 4
53 56 4
40 46 4
58 51 4
89 18 4
92 76 4
23 42 4
53 27 4
94 65 4
33 76 4
85 72 4
88 3 4
5 3 4
16 4 4
47 52 4
7 29 4
75 27 4
72 52
94 97 96 6908
76 84 4
94 55 4
12 88 4
31 54 4
44 49 4
20 80 4
82 56 4
3 91 4
67 41 4
77 88 4
30 65 4
63 13 4
82 9 4
69 22 4
55 89 4
72 9 4
78 11 4
21 97 4
36 17 4
20 9 4
75 11 4
75 89 4
78 28 4
37 35 4
82 51 4
46 80 4
8 91 4
6 49 4
44 14 4
30 37 4
19 78 4
54 37 4
21 78 4
72 73 4
45 73 4
28 2 4
30 89 4
82 41 4
69 87 4
52 33 4
53 36 4
75 14 4
53 87 4
87 29 4
36 72 4
45 87 4
50 88 4
82 89 4
74 54 4
11 62 4
19 62 4
31 22 4
42 35 4
71 39 4
55 95 4
74 29 4
54 33 4
19 50 4
63 76 4
87 97 4
86 13 4
4 92 4
78 17 4
6 50 4
46 39 4
67 25 4
42 76 4
76 55 4
76 19 4
78 39 4
12 28 4
19 53 4
3 65 4
8 39 4
82 28 4
79 9 4
77 84 4
4 87 4
71 51 4
3 25 4
72 28 4
37 53 4
89 72 4
94 75 4
11 92 4
3 19 4
50 36 4
89 49 4
76 88 4
30 57 4
72 56 4
75 95 4
53 49 4
52 75 4
79 2 4
53 57 4
28 13
93 92 96 7692
86 92 4
28 30 4
20 90 4
81 24 4
44 68 4
81 76 4
39 65 4
59 81 4
45 49 4
34 53 4
42 75 4
21 57 4
15 75 4
66 44 4
44 41 4
20 30 4
58 65 4
80 8 4
2 64 4
34 15 4
29 8 4
34 44 4
16 30 4
15 64 4
23 73 4
36 49 4
88 66 4
20 27 4
25 6 4
57 13 4
55 18 4
42 68 4
44 69 4
16 15 4
34 41 4
86 88 4
80 13 4
44 72 4
36 25 4
59 88 4
57 62 4
78 26 4
16 69 4
59 90 4
81 5 4
8 49 4
2 46 4
21 81 4
51 53 4
20 72 4
78 64 4
84 81 4
8 60 4
55 31 4
37 1 4
66 92 4
20 11 4
55 5 4
48 4 4
9 4 4
42 46 4
20 88 4
12 81 4
12 84 4
86 60 4
25 33 4
51 84 4
43 64 4
84 33 4
28 69 4
45 24 4
59 62 4
16 73 4
40 1 4
23 57 4
33 42 4
16 25 4
86 26 4
9 27 4
43 42 4
16 13 4
81 31 4
42 88 4
58 30 4
42 66 4
34 51 4
55 11 4
29 13 4
59 51 4
88 18 4
59 41 4
33 69 4
37 41 4
39 49 4
42 76 4
34 6 4
40 42
93 92 95 1669
50 56 4
93 82 4
13 6 4
33 74 4
7 90 4
26 82 4
36 54 4
50 39 4
91 71 4
21 58 4
23 60 4
83 57 4
91 66 4
56 31 4
88 92 4
58 26 4
43 63 4
49 10 4
40 47 4
23 49 4
14 76 4
54 74 4
33 28 4
31 47 4
66 12 4
33 38 4
53 68 4
54 65 4
31 26 4
6 39 4
29 44 4
60 28 4
40 29 4
13 4 4
20 66 4
43 84 4
41 58 4
55 82 4
10 57 4
26 57 4
30 56 4
85 21 4
66 49 4
49 13 4
85 90 4
14 13 4
36 38 4
30 31 4
56 32 4
10 38 4
83 54 4
41 69 4
50 16 4
88 58 4
29 62 4
23 41 4
88 10 4
88 14 4
23 14 4
88 6 4
21 44 4
93 32 4
55 86 4
91 60 4
54 41 4
59 68 4
10 84 4
52 39 4
84 65 4
84 49 4
40 63 4
1 50 4
59 45 4
71 28 4
20 21 4
33 86 4
60 16 4
80 71 4
58 45 4
52 92 4
88 50 4
1 39 4
14 57 4
6 38 4
71 12 4
10 49 4
66 82 4
66 69 4
40 58 4
54 14 4
14 14 4
91 29 4
7 76 4
53 62 4
50 28 4
89 4
98 99 99 3459
78 65 4
67 43 4
20 40 4
19 99 4
46 49 4
20 20 4
60 53 4
53 65 4
89 52 4
39 68 4
52 1 4
48 93 4
83 67 4
47 7 4
53 53 4
22 26 4
90 49 4
9 50 4
13 55 4
61 29 4
14 94 4
24 86 4
48 27 4
9 94 4
88 43 4
2 7 4
53 41 4
88 55 4
28 7 4
5 79 4
46 45 4
57 11 4
14 6 4
57 19 4
24 29 4
52 20 4
4 19 4
95 95 4
14 95 4
85 62 4
4 12 4
75 87 4
41 41 4
22 40 4
47 94 4
32 51 4
1 51 4
18 94 4
61 65 4
41 24 4
13 45 4
83 68 4
75 40 4
85 50 4
45 49 4
94 79 4
10 20 4
2 68 4
41 95 4
78 76 4
18 84 4
37 20 4
39 74 4
9 84 4
89 86 4
37 51 4
90 81 4
84 99 4
84 52 4
67 7 4
82 74 4
32 93 4
82 65 4
85 49 4
67 67 4
42 76 4
45 24 4
53 60 4
42 97 4
60 40 4
19 24 4
85 81 4
67 45 4
5 6 4
28 11 4
61 60 4
74 26 4
61 45 4
10 97 4
74 95 4
6 62 4
9 68 4
41 51 4
42 27 4
95 12 4
6 87 4
1 73 4
14 73 4
94 1 4
9 24
99 95 95 6140
14 54 4
93 88 4
65 89 4
62 82 4
82 72 4
96 13 4
24 23 4
49 26 4
80 80 4
80 59 4
13 56 4
45 72 4
52 59 4
62 20 4
26 61 4
43 15 4
80 26 4
23 19 4
55 39 4
67 49 4
48 43 4
13 90 4
45 26 4
40 82 4
1 60 4
49 81 4
26 64 4
23 20 4
16 61 4
28 42 4
68 38 4
40 24 4
67 15 4
96 54 4
34 6 4
82 22 4
46 82 4
68 65 4
19 19 4
13 88 4
44 82 4
65 23 4
40 95 4
46 24 4
60 60 4
50 6 4
8 88 4
58 26 4
40 23 4
82 43 4
19 45 4
93 74 4
48 49 4
50 39 4
52 95 4
81 80 4
8 39 4
72 54 4
46 15 4
46 63 4
55 55 4
72 88 4
86 60 4
14 64 4
39 59 4
44 55 4
65 14 4
46 73 4
82 41 4
13 25 4
32 41 4
86 90 4
14 89 4
60 25 4
58 73 4
32 60 4
44 81 4
24 56 4
46 13 4
75 22 4
50 45 4
44 65 4
39 63 4
75 15 4
43 39 4
23 81 4
28 23 4
65 63 4
34 81 4
50 14 4
23 42 4
80 63 4
16 74 4
1 59 4
14 38 4
28 54
93 97 92 9861
33 26 4
45 26 4
90 77 4
46 82 4
14 74 4
69 90 4
25 82 4
87 25 4
88 90 4
27 77 4
86 20 4
4 68 4
34 82 4
4 3 4
29 21 4
66 14 4
27 30 4
59 25 4
69 3 4
36 46 4
60 23 4
33 66 4
25 91 4
29 1 4
92 68 4
39 63 4
85 8 4
66 55 4
85 35 4
15 95 4
66 35 4
38 3 4
28 24 4
59 95 4
53 35 4
39 1 4
3 60 4
57 23 4
88 35 4
14 8 4
46 94 4
50 31 4
18 23 4
56 66 4
50 96 4
86 3 4
86 16 4
19 71 4
3 16 4
46 16 4
15 66 4
38 91 4
53 13 4
56 29 4
19 20 4
80 21 4
28 35 4
20 35 4
66 24 4
27 63 4
82 77 4
87 14 4
60 13 4
92 60 4
57 64 4
38 23 4
4 60 4
90 43 4
36 20 4
39 46 4
19 30 4
50 43 4
25 69 4
27 64 4
38 94 4
66 11 4
86 77 4
34 31 4
82 69 4
25 20 4
50 29 4
88 11 4
66 16 4
19 96 4
46 74 4
88 71 4
4 66 4
39 83 4
18 83 4
45 60 4
17 55 4
17 82 4
20 62
94 100 92 6752
2 76 4
76 57 4
85 42 4
59 8 4
48 49 4
31 82 4
61 80 4
85 16 4
54 66 4
76 48 4
88 80 4
18 8 4
30 17 4
81 92 4
8 37 4
4 71 4
74 14 4
18 11 4
31 38 4
49 94 4
8 12 4
15 2 4
4 52 4
45 34 4
30 8 4
62 57 4
55 84 4
40 42 4
29 56 4
46 50 4
86 82 4
48 84 4
29 16 4
61 49 4
62 85 4
35 92 4
42 94 4
35 34 4
31 8 4
37 70 4
74 59 4
83 25 4
15 80 4
9 41 4
10 5 4
61 12 4
61 41 4
2 24 4
76 71 4
65 52 4
7 48 4
85 56 4
88 70 4
9 95 4
85 37 4
7 25 4
22 85 4
86 84 4
94 66 4
77 50 4
67 33 4
10 17 4
45 66 4
73 41 4
73 88 4
37 13 4
77 12 4
22 13 4
54 84 4
67 41 4
46 24 4
13 38 4
61 66 4
13 14 4
70 66 4
83 28 4
40 17 4
16 95 4
16 17 4
85 11 4
59 59 4
42 88 4
85 99 4
55 12 4
65 5 4
61 28 4
49 99 4
70 80 4
76 76 4
70 33 4
94 2 4
31 66 4
81 12
93 100 98 9811
32 11 4
4 25 4
56 57 4
53 57 4
17 53 4
70 48 4
39 94 4
39 52 4
40 95 4
29 59 4
51 31 4
89 77 4
13 23 4
9 89 4
32 91 4
70 34 4
1 41 4
32 23 4
27 73 4
45 46 4
73 87 4
15 39 4
72 80 4
77 60 4
82 55 4
53 31 4
48 17 4
85 86 4
80 34 4
22 93 4
27 36 4
56 45 4
45 63 4
56 13 4
68 55 4
48 91 4
75 39 4
9 23 4
75 36 4
75 48 4
6 81 4
87 84 4
5 40 4
39 46 4
6 36 4
89 97 4
64 53 4
73 48 4
76 87 4
32 79 4
6 78 4
89 84 4
5 13 4
45 11 4
90 41 4
70 95 4
58 65 4
20 84 4
7 33 4
80 59 4
27 77 4
15 23 4
30 89 4
50 3 4
87 27 4
88 60 4
77 93 4
72 63 4
56 33 4
29 48 4
81 94 4
6 14 4
17 1 4
90 81 4
85 91 4
89 25 4
20 80 4
30 9 4
7 65 4
31 13 4
22 97 4
45 3 4
88 45 4
82 1 4
70 36 4
81 78 4
58 86 4
68 17 4
39 40 4
76 79 4
13 27 4
51 52 4
4 84 4
27 14 4
64 13 4
31 9 4
1 73 4
75 91 4
40 22
95 92 95 6186
43 72 4
62 16 4
94 30 4
71 65 4
83 23 4
10 29 4
20 77 4
21 14 4
86 8 4
57 45 4
75 71 4
47 72 4
59 64 4
2 85 4
29 21 4
38 13 4
5 10 4
81 32 4
23 89 4
57 7 4
55 7 4
5 48 4
66 90 4
85 68 4
26 49 4
63 31 4
42 87 4
77 49 4
75 65 4
68 69 4
50 45 4
81 41 4
95 90 4
77 79 4
28 54 4
21 13 4
63 39 4
19 24 4
95 79 4
15 60 4
69 22 4
56 27 4
78 53 4
46 43 4
43 89 4
64 8 4
65 20 4
70 5 4
65 5 4
68 52 4
47 20 4
56 24 4
42 10 4
83 31 4
36 54 4
59 27 4
2 37 4
62 32 4
73 73 4
30 23 4
50 22 4
69 80 4
33 87 4
39 21 4
20 26 4
30 41 4
73 30 4
88 76 4
78 14 4
55 86 4
70 58 4
39 58 4
11 60 4
46 16 4
94 62 4
72 85 4
28 52 4
64 48 4
10 77 4
38 71 4
66 53 4
23 73 4
19 29 4
85 46 4
71 62 4
11 69 4
72 43 4
29 76 4
88 37 4
80 39 4
86 26 4
33 46 4
36 68 4
80 64 4
15 86 4
89 80
100 93 99 4722
44 66 4
91 7 4
40 71 4
4 72 4
45 35 4
49 35 4
61 14 4
59 23 4
78 53 4
86 1 4
97 29 4
80 25 4
42 17 4
31 34 4
41 40 4
69 9 4
79 37 4
52 77 4
59 74 4
67 13 4
71 13 4
42 75 4
36 75 4
72 69 4
9 41 4
8 40 4
93 85 4
95 77 4
91 23 4
10 66 4
20 1 4
44 24 4
72 12 4
94 4 4
93 44 4
94 21 4
92 42 4
29 83 4
52 58 4
97 45 4
6 73 4
68 71 4
92 76 4
35 3 4
34 21 4
22 17 4
69 93 4
12 50 4
6 48 4
95 76 4
31 54 4
36 9 4
9 25 4
20 4 4
22 24 4
87 7 4
35 50 4
2 53 4
80 74 4
64 48 4
10 85 4
64 14 4
40 36 4
90 44 4
37 80 4
46 26 4
8 72 4
45 39 4
54 39 4
34 83 4
37 57 4
16 26 4
2 57 4
56 54 4
79 63 4
86 38 4
68 5 4
7 89 4
49 42 4
47 93 4
12 37 4
27 34 4
54 89 4
61 84 4
7 63 4
4 38 4
78 73 4
56 80 4
41 29 4
71 69 4
47 36 4
16 32 4
29 32 4
90 58 4
87 3 4
81 45 4
46 5 4
67 41 4
81 84 4
43 12
98 100 94 3302
18 48 4
42 99 4
30 53 4
70 85 4
66 10 4
52 37 4
22 74 4
78 97 4
54 33 4
58 21 4
50 87 4
18 65 4
26 12 4
39 93 4
52 11 4
57 92 4
54 70 4
65 23 4
10 34 4
53 99 4
66 74 4
93 52 4
43 32 4
68 79 4
88 68 4
22 60 4
40 75 4
27 75 4
4 30 4
57 76 4
33 73 4
24 29 4
25 8 4
28 60 4
44 83 4
77 11 4
81 88 4
19 25 4
65 2 4
4 87 4
97 10 4
87 100 4
1 78 4
87 24 4
44 67 4
20 23 4
92 70 4
10 2 4
62 65 4
47 9 4
72 83 4
1 38 4
33 88 4
51 84 4
42 9 4
24 78 4
6 95 4
20 32 4
50 12 4
51 73 4
39 33 4
92 21 4
58 36 4
72 53 4
64 76 4
64 52 4
40 29 4
56 68 4
62 93 4
34 30 4
34 59 4
56 34 4
17 79 4
47 67 4
70 24 4
16 35 4
43 48 4
27 86 4
78 38 4
77 59 4
93 84 4
16 25 4
97 35 4
68 36 4
5 8 4
28 37 4
30 97 4
5 92 4
17 85 4
81 18 4
53 100 4
88 18 4
26 95 4
6 86 4
25 61
92 97 97 272
78 49 4
6 36 4
12 19 4
16 93 4
75 97 4
47 66 4
67 50 4
2 75 4
28 26 4
23 69 4
26 14 4
37 53 4
84 70 4
85 80 4
40 72 4
60 78 4
77 89 4
17 93 4
90 75 4
84 66 4
44 18 4
35 8 4
57 89 4
91 56 4
77 8 4
35 49 4
19 35 4
55 70 4
6 39 4
5 38 4
21 86 4
49 96 4
1 85 4
71 68 4
31 94 4
18 86 4
34 41 4
69 62 4
68 39 4
31 41 4
54 96 4
82 50 4
90 30 4
54 26 4
15 82 4
83 30 4
34 78 4
85 40 4
17 88 4
40 74 4
75 9 4
76 23 4
89 10 4
91 82 4
20 9 4
47 64 4
3 18 4
37 34 4
67 34 4
28 35 4
86 64 4
57 88 4
36 73 4
26 54 4
60 36 4
36 87 4
19 10 4
71 40 4
78 83 4
20 28 4
22 62 4
68 65 4
49 83 4
18 23 4
12 53 4
1 14 4
5 80 4
89 1 4
76 54 4
86 68 4
21 74 4
52 69 4
15 94 4
82 1 4
4 97 4
4 56 4
2 65 4
43 38 4
55 46 4
69 73 4
3 28 4
43 87 4
52 4 4
44 19 4
22 85 4
16 72 4
83 4 4
56 46
100 96 95 5119
43 18 4
3 71 4
79 36 4
37 51 4
62 70 4
84 43 4
82 53 4
79 77 4
27 32 4
57 62 4
92 1 4
21 14 4
55 70 4
64 34 4
26 14 4
33 81 4
39 71 4
67 93 4
62 82 4
4 3 4
64 69 4
34 31 4
26 56 4
74 23 4
27 38 4
90 64 4
35 81 4
73 90 4
36 43 4
21 53 4
84 25 4
52 45 4
2 63 4
73 64 4
25 90 4
71 86 4
19 91 4
58 58 4
90 40 4
5 54 4
17 58 4
23 12 4
14 41 4
47 48 4
45 18 4
3 40 4
56 28 4
39 94 4
56 92 4
71 94 4
4 23 4
69 41 4
34 10 4
70 39 4
2 3 4
10 62 4
58 34 4
66 4 4
70 45 4
37 63 4
14 37 4
45 4 4
100 28 4
10 92 4
100 91 4
82 31 4
1 82 4
40 56 4
69 93 4
25 25 4
50 1 4
22 7 4
85 8 4
8 12 4
52 8 4
35 80 4
85 65 4
55 37 4
47 6 4
50 32 4
57 69 4
40 33 4
66 80 4
5 39 4
92 51 4
74 54 4
17 6 4
67 33 4
36 65 4
1 77 4
33 7 4
8 86 4
22 38 4
23 48 4
19 36 4
29 10
91 93 95 8247
79 93 4
42 66 4
75 28 4
46 14 4
90 66 4
40 52 4
46 71 4
55 63 4
5 86 4
27 23 4
35 93 4
55 51 4
64 33 4
13 43 4
26 77 4
5 75 4
21 90 4
44 88 4
67 18 4
69 41 4
64 4 4
8 63 4
21 11 4
35 41 4
75 10 4
44 39 4
69 4 4
22 17 4
50 24 4
34 59 4
36 67 4
83 67 4
83 47 4
65 50 4
81 24 4
61 64 4
59 3 4
32 10 4
74 6 4
60 1 4
84 13 4
27 15 4
61 33 4
14 22 4
6 88 4
52 64 4
89 59 4
26 17 4
6 79 4
13 91 4
87 22 4
45 71 4
12 14 4
70 90 4
42 57 4
32 6 4
88 77 4
88 49 4
54 13 4
84 52 4
48 36 4
22 91 4
89 42 4
45 82 4
7 12 4
34 50 4
90 39 4
14 82 4
4 15 4
1 42 4
76 43 4
52 11 4
81 5 4
67 35 4
65 5 4
73 69 4
54 28 4
48 12 4
72 36 4
74 69 4
70 18 4
8 3 4
73 29 4
59 1 4
76 68 4
36 49 4
1 23 4
4 47 4
7 79 4
12 35 4
50 86 4
40 75 4
72 68 4
87 51 4
79 57 4
78 29
95 92 91 550
33 45 4
64 34 4
27 77 4
91 22 4
30 15 4
4 76 4
1 11 4
83 14 4
21 5 4
61 51 4
33 91 4
61 81 4
86 34 4
1 49 4
83 61 4
58 35 4
31 2 4
47 46 4
60 1 4
35 2 4
53 9 4
68 74 4
22 13 4
19 56 4
40 6 4
84 77 4
62 92 4
70 48 4
76 90 4
4 5 4
89 44 4
6 56 4
75 6 4
86 78 4
37 54 4
60 46 4
77 69 4
77 65 4
40 48 4
32 7 4
20 92 4
59 4 4
37 9 4
38 74 4
85 33 4
59 31 4
28 11 4
8 65 4
6 82 4
75 26 4
85 29 4
8 15 4
50 54 4
7 75 4
89 90 4
38 68 4
42 45 4
22 28 4
91 91 4
88 35 4
17 22 4
19 14 4
45 4 4
64 82 4
31 1 4
88 75 4
36 61 4
45 51 4
7 38 4
28 26 4
52 20 4
3 49 4
42 69 4
62 7 4
50 50 4
35 50 4
58 28 4
32 44 4
76 78 4
47 76 4
30 81 4
68 59 4
17 59 4
52 29 4
3 68 4
27 38 4
84 33 4
21 31 4
70 37 4
20 37 4
36 20 4
48 13
93 93 92 6816
55 74 4
89 57 4
63 28 4
32 31 4
73 62 4
68 86 4
45 64 4
79 51 4
88 85 4
36 44 4
60 33 4
20 58 4
67 18 4
43 11 4
84 11 4
40 40 4
75 34 4
75 54 4
47 31 4
57 44 4
13 1 4
93 84 4
42 21 4
21 86 4
55 40 4
87 26 4
30 38 4
15 3 4
36 26 4
7 4 4
91 81 4
85 34 4
56 75 4
93 61 4
43 60 4
20 63 4
24 59 4
34 6 4
71 23 4
37 28 4
45 13 4
24 30 4
83 80 4
61 1 4
46 61 4
85 3 4
86 51 4
78 64 4
60 59 4
87 43 4
13 67 4
68 2 4
89 32 4
5 30 4
17 68 4
79 58 4
76 5 4
21 84 4
86 13 4
17 18 4
82 62 4
61 90 4
57 5 4
42 85 4
73 4 4
63 67 4
18 90 4
88 22 4
9 23 4
18 54 4
46 39 4
56 79 4
40 68 4
47 63 4
34 38 4
76 81 4
91 60 4
83 75 4
67 43 4
71 32 4
5 79 4
32 39 4
52 6 4
52 57 4
44 22 4
30 53 4
78 53 4
15 80 4
7 33 4
37 2 4
9 74 4
82 21 4
44 83
97 94 97 146
43 53 4
42 6 4
10 82 4
75 43 4
6 80 4
70 66 4
33 8 4
28 91 4
2 55 4
77 58 4
20 75 4
9 9 4
96 65 4
46 68 4
44 28 4
79 45 4
23 16 4
13 24 4
29 5 4
33 54 4
57 7 4
17 53 4
2 49 4
91 37 4
25 60 4
5 45 4
89 6 4
66 88 4
84 46 4
54 76 4
63 11 4
66 15 4
89 9 4
23 39 4
96 19 4
65 77 4
17 76 4
39 71 4
1 74 4
4 1 4
24 11 4
61 86 4
87 82 4
6 55 4
61 47 4
29 74 4
47 72 4
91 75 4
62 56 4
54 43 4
5 85 4
40 52 4
73 60 4
64 69 4
97 85 4
65 20 4
30 71 4
20 5 4
75 73 4
28 7 4
10 68 4
25 56 4
1 66 4
34 26 4
63 46 4
62 42 4
51 20 4
47 52 4
42 37 4
30 58 4
70 25 4
51 79 4
34 88 4
77 72 4
24 8 4
64 80 4
44 26 4
84 16 4
57 25 4
73 41 4
4 41 4
46 42 4
15 1 4
11 79 4
87 86 4
97 39 4
15 65 4
11 69 4
79 91 4
40 28 4
43 19 4
9 49 4
31 77 4
31 73 4
39 54 4
53 24 4
53 15 4
27 47
92 92 95 5418
28 21 4
5 35 4
61 36 4
3 46 4
53 83 4
32 8 4
42 14 4
29 51 4
47 29 4
29 61 4
13 12 4
15 69 4
35 16 4
47 48 4
46 59 4
68 78 4
28 18 4
2 70 4
32 66 4
39 16 4
61 3 4
55 57 4
85 29 4
69 52 4
17 31 4
58 69 4
73 59 4
86 91 4
31 4 4
12 13 4
14 85 4
44 54 4
26 61 4
17 48 4
40 46 4
52 76 4
37 51 4
51 76 4
12 33 4
75 38 4
84 77 4
85 10 4
18 33 4
55 49 4
20 64 4
90 91 4
5 8 4
1 9 4
15 79 4
90 13 4
20 57 4
7 34 4
75 66 4
72 50 4
31 78 4
68 38 4
92 49 4
86 34 4
39 22 4
42 73 4
84 22 4
53 21 4
40 58 4
89 3 4
37 30 4
35 70 4
52 12 4
82 43 4
60 19 4
72 9 4
60 64 4
44 43 4
92 10 4
88 79 4
71 50 4
1 27 4
82 19 4
7 27 4
2 31 4
18 14 4
49 73 4
49 52 4
71 83 4
3 44 4
73 36 4
58 35 4
89 4 4
79 85 4
13 54 4
14 18 4
51 58 4
79 44 4
69 80 4
88 77 4
46 30 4
30 80
94 92 100 2468
53 10 4
47 40 4
58 4 4
83 48 4
79 61 4
43 82 4
5 12 4
85 9 4
94 13 4
76 21 4
61 34 4
51 21 4
15 76 4
84 70 4
69 43 4
76 29 4
55 25 4
62 26 4
64 4 4
54 39 4
25 81 4
22 36 4
51 8 4
1 12 4
64 86 4
68 28 4
25 53 4
52 74 4
37 67 4
12 67 4
71 79 4
29 31 4
61 84 4
12 70 4
3 25 4
20 77 4
38 29 4
52 65 4
72 18 4
80 36 4
7 26 4
87 18 4
20 66 4
57 86 4
57 63 4
54 63 4
72 79 4
2 53 4
22 47 4
33 85 4
69 40 4
84 44 4
15 44 4
26 27 4
26 65 4
87 34 4
56 82 4
18 69 4
55 91 4
7 84 4
2 15 4
23 52 4
21 66 4
93 33 4
3 31 4
1 35 4
59 28 4
94 8 4
38 83 4
14 48 4
88 52 4
88 91 4
5 81 4
53 69 4
37 92 4
33 51 4
80 83 4
85 51 4
62 9 4
14 13 4
43 2 4
31 85 4
40 58 4
47 57 4
8 77 4
18 57 4
67 43 4
21 61 4
59 35 4
67 47 4
83 33 4
23 76 4
29 27 4
40 92 4
31 74 4
68 2 4
8 39 4
58 58 4
56 10 4
79 15 4
71 41
97 95 93 5184
33 58 4
55 86 4
16 40 4
53 44 4
28 27 4
73 3 4
76 8 4
90 51 4
16 55 4
83 76 4
39 36 4
41 2 4
82 29 4
58 10 4
60 8 4
58 41 4
76 59 4
77 74 4
70 13 4
40 44 4
3 79 4
62 6 4
4 10 4
17 79 4
26 63 4
69 74 4
73 83 4
38 27 4
95 94 4
47 89 4
78 12 4
11 95 4
49 22 4
94 16 4
86 69 4
63 89 4
64 14 4
54 41 4
71 64 4
33 51 4
35 29 4
10 76 4
64 45 4
48 49 4
74 64 4
69 47 4
96 37 4
70 40 4
96 59 4
4 4 4
48 58 4
17 90 4
3 75 4
53 3 4
74 33 4
65 1 4
52 12 4
10 4 4
83 14 4
52 90 4
46 69 4
60 45 4
54 82 4
40 63 4
71 85 4
50 85 4
50 22 4
77 36 4
95 91 4
28 13 4
65 94 4
47 83 4
44 73 4
44 55 4
55 95 4
49 49 4
26 47 4
12 86 4
62 50 4
39 1 4
38 16 4
86 91 4
46 7 4
11 37 4
59 33 4
94 21 4
12 50 4
63 82 4
82 73 4
35 75 4
78 7 4
90 6 4
41 21 4
57 2
98 99 94 1060
84 63 4
92 7 4
37 12 4
45 69 4
26 57 4
46 87 4
81 95 4
37 76 4
58 57 4
90 5 4
36 13 4
7 51 4
54 46 4
94 63 4
48 97 4
40 86 4
17 71 4
23 59 4
90 37 4
70 48 4
61 13 4
80 70 4
30 97 4
59 83 4
32 86 4
46 23 4
33 99 4
17 96 4
16 33 4
24 68 4
89 3 4
19 38 4
68 70 4
48 72 4
4 26 4
63 60 4
6 76 4
20 44 4
92 6 4
32 54 4
24 80 4
94 87 4
44 80 4
42 81 4
51 28 4
18 46 4
40 55 4
39 81 4
54 95 4
22 99 4
23 4 4
59 6 4
81 64 4
16 28 4
58 62 4
20 83 4
70 18 4
26 69 4
36 3 4
64 64 4
69 58 4
33 12 4
63 48 4
51 74 4
22 77 4
64 18 4
30 5 4
89 60 4
29 71 4
44 77 4
25 51 4
29 72 4
7 4 4
42 82 4
61 54 4
57 7 4
78 26 4
45 24 4
18 38 4
39 58 4
6 59 4
43 68 4
69 62 4
77 55 4
78 79 4
84 82 4
19 79 4
43 44 4
80 23 4
57 33 4
77 24 4
68 96 4
4 74 4
95 37 4
95 92
100 92 93 850
37 53 4
43 75 4
14 35 4
25 62 4
81 67 4
35 37 4
99 79 4
13 8 4
94 45 4
40 11 4
55 71 4
7 13 4
28 8 4
5 16 4
100 30 4
24 23 4
88 35 4
10 13 4
48 72 4
40 22 4
57 54 4
34 29 4
37 20 4
31 17 4
35 36 4
55 25 4
21 49 4
93 53 4
74 1 4
62 79 4
18 90 4
90 41 4
79 71 4
60 26 4
26 77 4
43 68 4
77 72 4
98 64 4
27 40 4
5 26 4
25 22 4
52 3 4
72 41 4
48 23 4
83 14 4
71 1 4
10 74 4
81 49 4
24 88 4
78 16 4
38 37 4
72 88 4
14 77 4
31 75 4
60 62 4
82 17 4
12 83 4
28 74 4
38 87 4
39 61 4
59 57 4
27 82 4
34 68 4
62 58 4
74 38 4
96 40 4
26 58 4
94 60 4
12 14 4
39 67 4
8 6 4
15 78 4
8 61 4
88 36 4
96 64 4
57 29 4
21 54 4
71 87 4
78 82 4
59 25 4
79 60 4
98 83 4
13 86 4
90 3 4
77 20 4
93 86 4
18 30 4
15 45 4
83 90 4
52 6 4
82 11 4
99 57 4
100 38 4
76 78
92 95 95 2435
5 23 4
17 50 4
85 47 4
37 81 4
41 55 4
34 49 4
22 41 4
84 34 4
18 12 4
21 68 4
11 78 4
63 73 4
50 44 4
18 8 4
62 35 4
9 94 4
92 90 4
23 19 4
42 27 4
89 57 4
50 15 4
59 38 4
6 54 4
83 11 4
68 63 4
47 72 4
21 91 4
81 64 4
53 41 4
28 69 4
92 84 4
8 62 4
20 54 4
2 93 4
23 62 4
1 6 4
36 90 4
3 91 4
2 33 4
11 72 4
42 74 4
37 55 4
5 49 4
60 83 4
52 13 4
6 89 4
38 94 4
13 69 4
1 37 4
56 47 4
48 20 4
62 37 4
57 6 4
84 93 4
56 31 4
59 12 4
8 74 4
34 59 4
29 31 4
49 81 4
17 64 4
53 19 4
36 73 4
20 20 4
27 84 4
26 53 4
13 80 4
89 44 4
4 63 4
85 24 4
60 27 4
76 57 4
26 23 4
9 15 4
81 79 4
27 18 4
63 38 4
83 68 4
41 11 4
86 79 4
86 35 4
47 80 4
68 83 4
4 59 4
29 53 4
22 89 4
48 34 4
57 13 4
3 46 4
52 33 4
49 50 4
38 78 4
40 8 4
76 24 4
40 46 4
10 18
95 96 93 7688
37 60 4
35 52 4
38 19 4
92 83 4
28 95 4
74 82 4
95 28 4
56 8 4
10 18 4
23 71 4
45 20 4
69 63 4
23 67 4
15 63 4
95 64 4
89 24 4
51 82 4
63 58 4
81 87 4
4 94 4
49 16 4
52 35 4
91 34 4
89 44 4
9 48 4
48 42 4
13 36 4
35 46 4
71 91 4
73 36 4
81 77 4
68 1 4
91 40 4
47 81 4
62 27 4
28 68 4
29 14 4
59 6 4
49 60 4
36 32 4
4 64 4
74 66 4
37 26 4
29 66 4
59 40 4
87 18 4
47 75 4
42 67 4
68 61 4
8 15 4
80 8 4
36 94 4
7 38 4
13 84 4
92 81 4
70 91 4
11 15 4
71 58 4
41 9 4
24 9 4
45 14 4
80 35 4
33 16 4
11 17 4
15 42 4
43 75 4
52 24 4
48 27 4
69 77 4
39 87 4
61 20 4
61 26 4
90 19 4
70 68 4
10 95 4
62 48 4
90 83 4
38 69 4
33 28 4
56 71 4
41 56 4
42 56 4
79 6 4
24 17 4
8 52 4
51 84 4
79 44 4
7 34 4
39 46 4
9 32 4
43 1 4
73 61 4
63 38 4
78 69
94 98 100 649
83 13 4
58 17 4
82 93 4
93 17 4
90 61 4
88 70 4
18 36 4
38 54 4
75 87 4
56 36 4
53 40 4
29 53 4
76 88 4
51 40 4
1 81 4
87 43 4
5 62 4
81 97 4
35 56 4
65 68 4
73 85 4
24 8 4
16 21 4
45 90 4
62 67 4
30 44 4
67 10 4
45 58 4
54 21 4
73 1 4
70 52 4
84 47 4
67 92 4
84 26 4
65 78 4
69 13 4
29 1 4
33 25 4
57 78 4
56 76 4
50 29 4
6 95 4
31 95 4
46 96 4
32 61 4
8 97 4
7 88 4
50 24 4
49 77 4
33 52 4
57 25 4
94 67 4
62 47 4
66 74 4
58 30 4
31 51 4
24 46 4
53 26 4
90 59 4
75 75 4
10 54 4
6 46 4
93 51 4
14 59 4
87 62 4
10 82 4
18 31 4
83 73 4
66 77 4
46 90 4
94 30 4
41 3 4
35 10 4
1 58 4
63 85 4
51 19 4
52 31 4
2 96 4
63 29 4
28 82 4
14 92 4
88 76 4
16 24 4
81 70 4
38 8 4
41 75 4
32 43 4
49 56 4
7 74 4
82 81 4
2 53 4
61 68 4
70 19 4
61 86 4
52 86 4
8 73 4
69 3 4
5 87 4
76 44 4
30 93 4
28 42
96 94 93 4255
38 91 4
33 1 4
93 66 4
85 43 4
49 17 4
5 47 4
6 9 4
5 35 4
67 55 4
91 69 4
81 83 4
27 41 4
35 12 4
43 50 4
77 60 4
61 83 4
80 3 4
44 25 4
17 15 4
14 49 4
68 34 4
18 36 4
12 23 4
54 41 4
70 45 4
61 28 4
60 23 4
51 85 4
44 57 4
38 80 4
65 81 4
68 12 4
43 66 4
21 80 4
71 45 4
48 50 4
60 63 4
45 9 4
14 34 4
66 75 4
49 60 4
22 20 4
36 6 4
66 48 4
72 6 4
17 27 4
91 93 4
35 85 4
48 88 4
50 24 4
20 93 4
25 1 4
18 88 4
33 49 4
67 43 4
76 20 4
37 65 4
63 65 4
51 63 4
4 22 4
6 55 4
79 22 4
76 68 4
20 15 4
45 69 4
80 18 4
63 91 4
79 77 4
65 24 4
54 47 4
39 53 4
71 4 4
21 48 4
77 14 4
93 3 4
39 35 4
88 36 4
9 81 4
25 28 4
36 79 4
72 25 4
85 4 4
92 79 4
37 27 4
4 14 4
50 11 4
12 68 4
88 57 4
27 17 4
70 11 4
22 18 4
9 77 4
92 53 4
62 75
93 96 92 6842
72 74 4
67 19 4
76 6 4
7 54 4
26 47 4
62 16 4
72 84 4
90 37 4
67 36 4
10 41 4
3 9 4
13 86 4
34 45 4
34 81 4
31 58 4
59 14 4
3 31 4
50 72 4
87 64 4
28 39 4
2 85 4
80 96 4
56 81 4
65 61 4
93 72 4
7 95 4
20 20 4
51 79 4
90 82 4
21 82 4
50 60 4
54 62 4
20 6 4
42 39 4
27 36 4
88 37 4
8 65 4
40 28 4
42 9 4
17 26 4
59 23 4
84 70 4
33 84 4
65 24 4
48 95 4
31 32 4
79 10 4
82 38 4
88 15 4
75 26 4
52 54 4
71 59 4
38 86 4
76 50 4
1 65 4
10 62 4
17 96 4
38 79 4
57 15 4
27 32 4
52 42 4
75 14 4
81 85 4
84 60 4
36 31 4
33 42 4
82 7 4
4 45 4
48 70 4
56 19 4
15 25 4
4 59 4
40 61 4
36 20 4
2 49 4
86 7 4
93 46 4
21 41 4
71 16 4
8 10 4
80 74 4
1 47 4
51 64 4
79 49 4
13 28 4
54 58 4
87 23 4
15 46 4
28 38 4
62 50 4
81 24 4
57 25 4
86 92
92 100 99 1792
34 66 4
34 32 4
25 84 4
44 57 4
80 70 4
59 57 4
55 22 4
55 79 4
58 51 4
22 99 4
30 12 4
8 30 4
26 69 4
75 8 4
73 31 4
58 96 4
41 95 4
37 72 4
91 47 4
10 2 4
57 48 4
35 66 4
54 95 4
78 94 4
33 33 4
71 62 4
53 13 4
66 97 4
29 38 4
54 38 4
63 48 4
78 81 4
77 41 4
20 39 4
12 50 4
79 21 4
22 65 4
26 63 4
36 32 4
77 68 4
80 20 4
51 63 4
63 94 4
49 14 4
81 19 4
69 4 4
57 21 4
1 25 4
71 45 4
44 72 4
92 55 4
51 19 4
36 33 4
60 8 4
50 97 4
23 5 4
37 14 4
56 5 4
73 79 4
30 2 4
13 81 4
59 25 4
66 20 4
29 90 4
21 12 4
60 47 4
81 78 4
56 55 4
27 13 4
33 22 4
20 85 4
75 76 4
28 90 4
53 78 4
92 50 4
70 62 4
42 85 4
91 77 4
83 41 4
35 56 4
41 29 4
42 30 4
50 45 4
76 39 4
76 69 4
70 29 4
1 68 4
13 52 4
28 56 4
27 51 4
83 31 4
8 52 4
23 77 4
49 4 4
10 76 4
12 96 4
21 70 4
79 65 4
25 99 4
14 84
