2
abab
289384 930887 692778 636916
3
aaabbb
94 36 87 93 50 22
3
babbab
202363 490028 368691 520060 897764 513927
1
ba
41 27
4
aaaabaab
89173 455737 5212 595369 702568 956430 465783 21531
4
aabbabab
63 24 68 36 30 3 23 59
1
aa
133070 898168
1
bb
94 57
1
ba
175012 478043
1
ab
30 74
2
abab
484422 544920 413785 898538
2
bbbb
99 25 16 71
2
abbb
566414 803527 776092 268981
20
aaaaaaaaaaaaaaaaaaaaaaaaaaaaaaaaaaaaaaaa
57 74 63 71 97 82 6 26 85 28 37 6 47 30 14 58 25 96 83 46 15 68 35 65 44 51 88 9 77 79 89 85 4 52 55 100 33 61 77 69
19
bbbbbbbbbbbbbbbbbbbbbbbbbbbbbbbbbbbbbb
947740 210013 636227 698587 348095 297540 140796 480571 651435 960379 97468 66602 710098 612903 573318 570493 926653 260757 997302 560281 724287 209442 953866 429690 228445 346620 558441 744730 958032 108118 738098 905772 834482 890676 120710 698928 704568 777857
20
abbaaaaaaaaaaaaaaaaaaaaaaaaaaaaaaaaaaaaa
98 54 87 66 7 84 20 25 29 72 33 30 4 20 71 69 9 16 41 50 97 24 19 46 47 52 22 56 80 89 65 29 42 51 94 1 35 65 25 15
20
aaaaaaaaaaaaaaaaaaaaaaaaaaaaaaaaaaaaabba
936988 275857 373744 346492 322228 148366 709860 281937 151433 452552 316438 899229 153276 975408 901475 276122 468859 794396 36030 661238 908236 573794 65819 894429 366144 231012 335929 639530 318777 322405 964444 255764 114614 854539 118607 436841 2905 344819 235129 670689
20
aabbaabbaabbaabbaabbaabbaabbaabbaaaaabba
70 18 18 97 25 44 71 84 91 100 73 26 45 91 6 40 55 87 70 83 43 65 98 8 56 5 49 12 23 29 100 44 47 69 41 23 12 11 6 2
20
baaaaaaaaaaaaaaaaaabbaaaaaaaaaaaaaaaaaab
425662 473731 44879 811306 229321 178737 79445 248627 648523 503466 586709 473417 408283 213259 412925 167638 442063 305625 962601 532037 433453 911900 419380 145551 947469 290072 900974 487132 903882 684931 808934 845895 158661 370164 657200 387982 548900 252997 152960 713774
20
baaaaaaaaaaaaaaaaaaabaaaaaaaaaaaaaaaaaaa
14 69 91 96 27 67 85 41 91 85 77 43 37 8 46 57 80 19 88 13 49 73 60 10 37 11 43 88 7 2 14 73 22 56 20 100 22 5 40 12
20
aaaaaaaaaaaaaaaaaaabaaaaaaaaaaaaaaaaaaab
73941 915668 311706 346229 811128 829151 565985 996659 763921 789225 602423 867270 821397 54082 645631 740085 679293 811973 207673 73851 647626 905386 741223 739300 306641 606043 783899 340714 352299 256191 280525 942591 688210 108582 288820 499337 937733 371156 495995 218005
20
abababababababababababababababababababab
80 70 74 77 51 56 61 43 80 85 94 6 22 68 5 14 62 55 27 60 45 3 3 7 85 22 43 69 29 90 73 9 59 99 37 9 54 49 4 34
19
ababababababababababababababababababab
132134 321649 772891 999755 517568 251747 690369 319530 514501 238047 473789 549798 66250 86991 273304 3034 505364 12498 910254 294893 247687 519126 761153 613997 245976 209189 649158 703730 895437 32461 253415 543922 870461 26305 60029 388028 278051 266749
20
aabbaabbaabbaabbaabbaabbaabbaabbaabbaabb
57 3 95 98 100 44 40 3 29 4 1 82 48 39 60 52 36 35 40 93 16 28 5 30 50 65 86 30 44 36 78 1 39 72 50 90 68 89 93 96
19
aabbaabbaabbaabbaabbaabbaabbaabbaabbaa
40744 53145 102830 658391 961683 655341 553542 570 453827 174233 172262 956043 690361 409118 228024 266762 82 526310 903191 495426 618997 806368 214678 504235 730691 631627 764525 226058 349615 673169 328206 390359 726313 947387 565101 204347 602727 634995
20
aaaabbababaaaabbababaaaabbababaaaabbabab
17 53 79 30 47 91 48 71 52 81 32 94 58 28 13 87 15 56 13 91 13 80 11 70 90 75 56 42 21 34 88 89 39 67 71 85 57 18 7 61
4
aaababaa
125850 100238 107206 473060 35218 648519 34946 990784
4
abababab
74 59 74 38 90 84 8 79
4
babababa
772758 149315 334472 645730 591101 533460 723619 89439
5
baabababaa
26 89 75 34 58 82 94 59 71 100
5
abaabaabab
633418 101840 275570 668364 92623 228795 413174 319848 196432 217463
5
bbbaabbbaa
83 91 93 92 58 16 22 58 75 92
6
bbababababaa
401948 462952 359232 35022 610538 393741 485055 614031 554099 35326 241082 187517
6
babababababa
17 3 32 40 97 5 39 81 19 22 71 63
6
ababaabbbaba
784813 235380 894978 692686 31537 299905 324177 433484 279208 199760 984858 889745
1
ba
100 12
5
abbbabbbba
20128 663951 505237 777561 367819 675106 810564 740050 421245 588712
10
babbbaabbbbaabaababb
6 35 92 76 56 15 90 69 94 19 6 83 23 83 18 31 94 75 27 94
15
bbabbbbbababbbbabbbbbbbbbbbbba
781487 550254 850544 803075 327815 734714 478180 138378 474763 415776 727089 32920 935711 806733 110295 11018 400347 760236 871138 745692 305154 423944 122574 666329 300926 449292 306711 894019 277218 836837
20
abbbaabaaababbbabbbabbbaabbbbbbbababbabb
64 56 91 59 31 5 72 62 34 86 90 74 5 52 6 51 69 4 86 7 96 40 50 21 68 27 64 78 97 82 66 61 37 56 71 19 12 43 33 97
2
abab
272380 627322 858271 994985
6
aababababbba
73 28 35 41 84 73 99 31 64 48 51 31
10
abaabbabaabbbabbbbba
250574 653715 886060 57523 134048 626925 945083 189436 271233 829205 622955 630444 411899 945487 875641 684279 89160 250263 679263 989684
14
baaaaabababababaaaabbaaabbaa
42 49 24 25 73 23 55 36 22 58 66 48 72 77 70 19 2 4 54 34 8 60 29 7 98 21 85 9
20
bbaababbaababbaabbababbbaabbabbababbaaba
515335 742699 110992 76377 798899 252716 801053 825172 218190 771560 752507 554011 709017 178225 173110 816540 490001 333379 58110 945054 955082 489115 671339 405990 59427 28068 785148 575224 776788 332232 696533 292123 591282 323876 884851 390180 576591 202255 215351 311132
20
babaababababbbaababbaababbaababababbabaa
14 58 95 82 82 4 21 34 83 82 88 16 97 26 5 23 93 52 98 33 35 82 7 16 58 9 96 100 63 98 84 77 55 78 10 88 33 83 22 67
20
bbaaaabababbababaabbaababaabaababbaabbbb
313564 508861 903683 909212 277686 669087 564286 590931 735991 794584 197315 651477 754117 95821 641893 37526 395529 538840 897526 897491 651137 101361 889619 247644 170338 80929 506583 826622 804311 917956 370889 634226 426816 274571 543438 220854 460009 107723 811784 712351
20
bbabaabbabababaabbaababbabaabbbaababbbab
58 98 28 27 70 72 52 50 11 29 40 99 89 11 94 78 91 77 100 53 32 88 78 100 58 67 53 18 42 36 69 99 85 96 77 6 67 29 55 29
20
aababbababaabbabaabbaaababaababaababaabb
80309 19594 297279 322198 372556 289673 250775 806446 305001 522326 560998 238284 648413 466128 598383 565422 914694 179335 942440 987335 88422 548160 994986 522958 1355 691762 578763 492973 631542 167717 561853 711851 703663 375483 550400 76218 665155 801174 399016 486507
19
bababababababababababbaabbaabbababaabb
52 65 91 64 92 73 38 38 60 29 72 81 88 57 91 42 71 53 66 12 70 18 62 84 52 13 1 7 39 68 65 90 33 55 5 76 80 42
20
babbababababbabaababbababaabbaabababaaba
413413 292539 734970 290637 916171 311957 162845 62761 406650 726815 304466 994315 922327 713887 660184 346040 826970 701536 320153 532622 924394 611791 637290 150110 259632 734674 584265 395736 774549 374296 101878 704314 666834 353199 994950 99356 665156 157794 678469 588157
12
abbabbbbbbbbaaaaaabbaabb
61 34 24 87 72 59 78 41 46 82 62 91 24 51 1 55 76 65 43 25 60 20 90 45
16
bbbbaabaabababaabbbbbabbbabbabab
293470 451239 841552 474977 125384 520020 63134 526344 19305 161957 365982 232476 953667 68012 788968 446913 90193 361730 380903 756869 88132 465003 683175 549208 649719 5217 301184 692378 945488 757473 434574 238958
20
bbbaabaaabbbabababababbbabbabaababbbabaa
63 26 34 98 97 19 42 54 27 75 81 94 86 49 6 31 30 60 99 61 63 25 20 81 42 3 11 81 27 84 90 41 9 24 39 58 94 32 11 21
12
bbbbbbbbbbbbbbabbabbbbbb
785906 577691 49614 629392 963639 938271 79422 227668 207830 802672 96181 458744 209096 513900 843025 137089 749155 952387 10570 258233 979970 155711 492374 800031
20
bbbbabbbbabbbababbbbbaabbbabbbbbbbbbbabb
34 64 88 80 95 50 100 52 40 65 43 31 87 16 50 16 87 82 12 35 34 88 23 88 74 44 20 43 55 45 25 40 60 64 19 54 13 70 6 5
12
bbbbbbbbbbbbbbbbbbbbbbbb
342734 626800 992735 654820 774316 740436 691088 240854 100670 702451 916488 974803 556838 245563 598090 363611 585206 995961 666705 596912 402558 769830 623404 418817
16
bbbbbbbbbbbbbabbbababbbbbbabbbbb
93 22 23 6 44 80 62 29 79 48 1 46 83 88 100 52 90 87 54 27 49 95 37 7 8 93 18 65 22 21 81 67
20
bbabbbbbbbbbabbbbbbbbbbbbbbbbbbbbbbbbbbb
105995 186355 774124 408438 832934 99485 86318 106313 933932 419018 186710 25166 959157 991609 217070 201746 712996 867423 1172 196296 148570 680560 264802 425677 26653 446572 105341 658926 251744 720173 613092 874090 906528 903567 798879 255813 3051 885197 362125 453334
4
bbbbbbaa
14 87 100 71 95 69 16 42
8
bbbbbbbbbbbbbbaa
79343 982640 482438 744264 663199 263591 169940 206203 226514 791632 865129 478258 511805 994572 352347 934684
12
bbbbbbbbbbbbbbbbbbbbbbbb
39 26 96 41 22 73 27 35 59 26 57 53 46 73 47 40 12 84 4 62 26 43 17 40
16
aaaaaabbaaaaaaaaaaaaaaaaaaaaaaaa
379175 335345 960597 407331 846268 829295 342014 260758 980520 48861 194651 533293 117833 581877 390280 251991 963954 510636 959296 41599 96108 952742 714938 180571 944977 132541 444585 200802 720084 914801 199493 615610
20
aaaaaabbbbbbbbbaabbbbbaabbbbbbbbaaaaaaaa
97 41 40 64 36 5 74 7 65 24 52 50 52 31 40 5 66 87 3 26 80 92 48 8 85 32 62 20 32 54 29 28 95 20 44 82 24 69 88 40
4
aaaaaabb
524644 892439 851989 207395 851321 184681 854099 804487
8
bbbbbbbbbbbbbbbb
19 53 64 99 96 11 6 80 43 67 99 26 73 79 54 67
12
bbbbbbbbabbaababbbaabaab
764798 416749 224548 122273 840517 581087 409913 365160 989878 261901 572554 841198 962933 943004 162036 955952 518108 48499 710050 529155 713862 202907 592335 570004
16
bbababbbbbbbbbbbbbbbabbabbbabaaa
26 85 29 98 64 34 16 61 82 15 86 98 1 98 9 30 50 14 80 35 17 15 86 76 66 87 31 27 93 17 30 70
20
aabaaaababbabbaaababababbbbbbbbbbbbbaaaa
799753 387410 596367 581516 367396 222834 644429 247777 73848 829614 485027 22301 941063 603787 960630 830764 295101 256509 683398 929417 230776 491983 114545 253541 43321 828827 506519 797566 651795 329500 187135 451547 716909 299854 33063 84304 522687 193843 848433 596535
20
bbbabbbaababbbbbbbbbbbbbbbbbbbbbbbbbbaba
8 11 35 70 97 16 85 97 25 83 66 52 17 62 44 38 88 62 3 82 61 89 80 21 42 94 25 29 36 9 63 43 71 97 64 67 12 1 16 88
20
ababaaaaaaaaababaaaaaaaaaaabaaabaabbbbaa
926235 183333 682291 445951 8694 551634 525340 662881 927495 402294 485214 632855 466383 275445 571476 830324 98739 110752 716952 115874 14812 716466 189169 768682 334814 259684 492500 48978 674536 965015 115465 600770 148347 314108 563073 673392 865741 88412 852624 309588
20
aaabaabaaaabbabbaabaaaabaaaaabaaaabaaaaa
58 37 94 40 82 21 15 72 72 19 97 35 84 65 68 98 1 68 75 36 34 91 58 33 50 30 24 91 93 48 30 50 36 23 41 69 44 56 40 67
20
babaaaaaaaaaaaaaaaaaaabbbbaaaabaabbbabab
172026 710937 191654 458261 277053 665221 562958 619205 631288 232984 119541 78722 534827 736998 707206 667128 433879 492729 665170 219171 647228 972799 11521 139564 739222 793661 277884 568617 912268 128224 55383 84293 355512 247036 542554 632564 428609 621863 251769 59896
20
abbbabbbabaabbababababbaabbbababaababbaa
99 61 69 77 10 74 4 88 55 74 58 82 24 30 97 45 43 81 13 10 56 48 55 67 35 60 82 43 74 2 39 72 14 59 100 23 85 56 62 91
20
babbabbabbbababababbabaababaaaababbbaabb
528781 816072 363924 772604 138001 38321 272001 769943 506953 340013 830505 103808 979760 975359 572526 382895 179118 190159 214637 521091 59561 622627 750615 332974 201938 918866 263749 143422 176621 769410 488864 705401 101833 852787 478005 239834 407459 266357 526128 914411
20
babbbababbababababbabababaabbaaabbababab
69 32 70 29 42 47 75 59 6 11 2 66 90 68 91 27 33 39 100 6 1 63 58 33 49 62 18 8 70 98 70 39 29 40 19 71 86 93 81 43
20
abababbababaaabbbababaabbababababaababba
836755 502534 241708 675744 834401 480551 233022 601486 466789 933721 545191 255141 639635 710648 145326 681984 870462 791695 648143 296631 964192 45064 845521 493321 976555 980539 387143 531493 600931 308423 900035 437686 327309 658095 629781 161709 138645 862803 279546 121785
20
bbbbaabaaabaabaabababababaaabbaaaabbbbbb
23 88 26 58 36 3 93 49 97 87 31 41 50 52 13 57 90 55 49 73 29 83 58 89 77 38 98 21 40 95 6 15 83 83 24 70 37 16 18 85
20
ababbbbbabbabbababababababbbababaabbaaaa
340354 449300 792725 700755 546351 113237 37711 140293 337243 906159 335165 386024 674642 967722 762112 617570 746411 816261 182791 387903 149956 386148 825917 341090 482782 216440 583959 618018 757807 265376 99902 614512 714675 408979 315266 777378 38567 352977 917670 892162
20
bbbbbbaabbbababaababaabbaabaababaabbabab
35 34 37 28 7 100 98 17 61 40 71 68 87 87 9 68 78 67 37 36 94 38 47 20 68 13 97 35 41 18 96 75 51 32 3 9 31 52 26 43
20
bbbbaaaaaaaabaaaabbbaabbbbabaabbaaabaaaa
79691 114448 71162 232677 327935 484170 384796 790564 481136 154932 527352 776181 541321 362298 785901 336689 28862 572997 686975 48402 794115 413070 843429 784417 450053 88583 511626 43683 401434 238503 559278 481124 352950 146791 230152 197236 630961 614947 987800 628448
20
bbbbaaaabbbbaabbbbbbbbbbbbbbbbbbbaaabaaa
30 3 29 50 100 29 90 14 77 64 67 91 85 95 60 37 77 85 72 10 39 1 85 40 91 36 76 51 82 27 51 63 29 79 65 80 59 54 45 35
20
aaaaaabbbbaaaabababbaabbbbaaaaabbabaabbb
390770 112712 286978 204106 976258 661737 951143 412035 64473 774566 765596 705711 157266 116633 216250 203108 181468 440377 363559 377602 652303 185161 859964 412083 895039 686228 82015 311797 709434 690959 8431 616555 803670 295408 820660 779928 473496 771802 708314 537968
20
aaaaabaaaaaaaabaaabbbbbbbbbbbbbbaaaaabab
19 61 30 36 93 32 44 13 8 54 14 63 14 29 97 52 57 11 100 42 70 82 96 91 90 55 70 37 9 83 5 27 96 34 15 88 65 58 52 25
19
abbaaababababababbbabbaaababbabbbaabba
270211 244565 395739 274724 803194 425835 690627 564402 537946 418326 551395 857367 670807 638590 980457 735048 62796 399827 272785 258804 43861 864841 33883 678156 700574 61649 935696 545291 512506 997947 839367 299068 758864 235105 573791 78409 177291 780769
19
bbbaabababaababbabbabbaaabaabaaaaababb
62 36 94 56 2 52 45 11 52 92 89 36 48 49 76 82 57 1 30 52 43 35 50 61 2 65 65 44 73 56 12 34 43 57 41 97 60 37
19
baababaabaababaababababababababaababbb
728259 253511 207429 713847 680298 910876 743295 971925 164557 967251 964126 479886 643254 534320 824072 833556 943881 467325 782720 104897 684368 326645 443204 198531 29730 496747 911787 443371 155595 527646 238859 883853 297509 446287 597699 977806 873514 857345
19
babbbaabbabbbbaabbaababbabaabaabbabbab
31 22 48 8 59 1 79 30 8 59 54 80 8 73 76 11 3 5 9 41 27 3 87 86 7 47 24 5 52 38 2 34 11 49 93 70 1 72
19
aabbbabaaaaaaaaaaaaaabaaabaabbaabbbaab
53151 205109 823382 411557 838288 869389 454329 314463 874952 211984 336719 377260 881424 802346 551515 594862 23183 125973 605808 206658 298130 110912 747295 327631 565745 875058 698079 967138 37127 569079 365761 606629 774187 189142 18185 128826 574883 988866
19
aabbbbbbaabbbbbbaaaaaaaabbbaaabbbbbabb
40 34 49 59 45 24 56 11 86 90 84 45 47 13 56 94 43 1 51 21 90 29 51 50 57 38 43 42 15 25 59 55 10 59 65 55 82 20
19
aabbaaaaaabbbbbbbaabbbaaaaaabbbbbababb
359217 209119 424261 896500 524764 785507 248264 951319 410400 411306 459971 426702 788778 452112 480130 735329 810013 140187 972418 357056 334780 854684 478980 34590 180238 567090 935248 834854 514996 950881 104525 874212 160000 528785 770712 201115 830644 535327
19
aabbbbaabbbbbbbbbbbbbabbabbabbbaaaaabb
85 43 33 8 97 62 19 26 42 32 64 11 87 95 95 18 36 84 59 83 38 54 16 14 18 15 99 81 81 42 7 65 36 39 24 32 53 43
20
aabbaaaaaaaaaaaaaaaaaaaaaaaaaaaaaaaabbbb
480710 805546 353826 317825 797757 134464 6072 161003 394081 728907 704486 253492 386990 599175 111545 28657 598389 360162 313971 642739 895842 833103 1380 966849 21019 633767 500839 854043 450251 802943 784285 930960 608489 654462 765136 922597 788925 771207 83599 699357
20
aaabbbababababababababababababababababab
14 36 48 55 63 45 11 3 58 33 41 52 87 72 100 5 90 90 47 40 85 83 51 73 44 87 69 20 93 19 77 58 54 76 64 16 20 26 70 78
20
bbabbaababababababababababababababababab
942710 256710 339681 554596 468233 692332 187501 313523 545821 674447 125414 234957 462030 868265 16229 420425 376251 236449 167745 171795 56619 130773 983805 664873 46648 199268 209440 59620 363194 288710 529849 822255 61771 869529 376851 46356 561860 564351 876230 624032
20
bbabaaababababababababababababababababab
49 43 89 78 7 69 55 9 70 99 4 88 71 8 12 70 27 4 41 72 65 89 27 87 17 77 42 28 79 23 60 27 66 100 5 24 68 59 33 89
20
babababababababababababababababababaaaaa
757409 531188 321677 726231 449295 220240 258052 599373 328243 849493 112645 241307 970781 964523 732494 477950 676899 786387 63329 469977 716510 756388 18203 164627 341139 299959 482650 317459 735669 563182 438147 9429 610721 276175 735659 60015 496415 510063 175740 824657
20
aabbaaababababababababababababababababbb
55 36 16 35 58 61 36 8 47 65 84 56 4 38 34 43 49 84 1 69 17 47 50 38 22 60 4 88 22 43 44 76 78 11 63 87 71 98 94 18
20
aaaabaababababababababababababababababba
242062 941729 268825 419118 908767 283859 420960 208467 297894 740260 760187 875110 14058 321336 63047 564031 134496 343703 610418 457717 800097 997814 140493 544875 967524 186307 575261 768395 40404 84507 703164 798818 26235 488340 217935 451353 288550 638894 659819 586443
20
bbbbaaabbabbabababababababababababababba
5 6 5 14 93 3 45 88 5 62 57 2 27 49 28 51 55 40 97 10 46 12 27 81 3 13 33 53 58 4 47 62 61 51 28 53 54 72 41 58
20
aaaaaaaaaaaaaaaaaaaaaaaaaaaaaaaaaaaaaabb
882585 61049 636011 997112 84149 398338 595514 293555 252278 478662 543364 707075 581325 108343 671755 172327 891255 604140 51879 345765 196343 34226 695778 724903 510828 471705 511155 28381 237576 205947 963291 120161 266995 599301 633624 351143 513991 745489 644697 282620
20
bbbbbbbbbbbbbbbbbbbbaaaaaaaaaaaaaaaaaaaa
50 13 94 26 55 49 52 61 88 83 25 30 60 3 84 87 7 38 68 35 37 10 47 31 10 70 26 52 58 74 71 59 86 65 84 40 65 87 53 4
20
aaaaaaaaaaaaaaaaaaaaaaaaaaaaaaaaaabbbbbb
638369 52177 955433 251328 830431 174968 891467 564038 389305 43634 51572 842293 191795 175618 562276 939256 449639 633401 200708 469148 865574 744778 229158 802160 794894 310993 67851 506458 886979 553903 999961 525348 122432 471745 293027 952862 646712 184493 516899 552369
20
bbbbbbbbbbbbbbbbbbbbbbbbbbbbbbbbbbbbbbbb
78 22 61 72 91 88 80 81 88 87 80 14 64 37 25 10 29 75 67 60 30 28 59 61 72 85 74 36 30 25 4 59 46 16 83 89 4 62 69 43
20
babababababababababababababababababababa
405248 935501 838156 258963 892937 161632 907572 677718 552959 62639 349477 498188 734018 62935 82200 877141 585771 619073 183328 809452 189197 41883 777611 360495 295099 198393 308583 537954 11054 515803 403848 932653 967655 758356 191615 860592 919987 615539 54661 472945
20
aaaaaaaaaaaaaaaaaaaabbbbbbbbbbbbbbbbbbbb
29 89 84 46 23 35 38 45 8 66 97 56 48 7 50 98 51 84 3 4 39 51 56 93 6 22 36 92 12 96 89 40 84 24 37 58 59 27 3 66
20
aaaaaaaaaaaaaaaabbaaaaaaaaaaaaaaaaaaaaaa
154092 944651 690121 217691 133609 977623 576389 520959 90058 989391 919362 718296 806241 766769 830541 897798 322142 803376 909342 493054 347224 393830 374845 811559 882153 701534 259317 456511 350260 308971 252328 504351 769973 458801 722041 903581 952775 814781 424539 42832
18
abaaabaaaaabaaabaaaaaaaaaaabaabaaaaa
72 100 80 64 20 20 62 13 47 55 18 70 84 63 29 88 96 97 51 55 67 30 57 39 30 97 19 56 30 9 88 1 8 19 16 79
6
abababababab
856738 963629 238391 800836 413883 713309 575806 774318 79423 678686 533258 147070
20
aabbbbaabbaaabbababababbbaaaaaaaaaaaaaaa
82 8 24 100 37 80 90 19 28 8 74 57 16 13 9 75 31 77 5 20 57 47 56 40 7 13 9 29 98 66 98 31 73 73 30 62 4 19 32 84
20
bbbbabbabbbbbbbbbbbbbbbbbbbbbbbbbbbbbbbb
787378 386657 785592 119945 462070 704853 598371 802552 46829 366027 516124 868785 372073 30531 620976 607780 637095 147485 439260 405992 207250 417810 248474 532075 444982 803003 589736 475738 59773 855867 638021 363502 758875 423612 483446 220944 644816 598168 539848 691644
20
aaaaaaaaaaaaaaaaaaaabbaaaaaaaaaaaaaaaaaa
94 23 81 18 5 8 97 99 92 9 90 94 18 63 68 51 17 55 88 41 73 60 42 47 24 39 43 39 6 90 83 51 64 15 68 68 22 17 66 66
20
bbbaabbbaaababaabaabbaaaaabbabbabbabaabb
993625 774407 472059 827442 701521 89326 622592 947989 812680 409832 254229 908252 835091 923970 762698 200314 109860 870792 210353 893917 518733 428387 642167 738996 723201 759386 594815 748474 337002 690580 135339 846978 981338 607397 674419 682858 213074 813363 630846 542105
20
bbaabbbbbbbbabbbbbabbbbbbbbbbbbbbbbbbbbb
94 26 8 36 47 6 50 6 49 54 74 82 40 40 77 92 78 92 65 31 23 56 9 61 52 27 70 78 41 16 82 34 93 90 70 40 47 71 97 95
20
babbbbbababbbbbbbabbbbababababababbbbbbb
575024 576771 412976 21415 97162 303605 191006 376939 272696 625422 510070 965070 195177 490178 122430 888681 661056 479000 795258 645297 982767 243939 369082 887959 175680 667503 151250 836826 257225 366147 130873 832248 942917 543848 853662 40078 847452 561019 417017 636499
20
aabbababaabbababaabbababaabbababaabbabab
41 38 69 17 67 50 97 22 49 6 70 67 97 52 78 76 6 27 54 31 73 26 30 89 73 44 19 77 62 87 27 2 24 95 71 90 97 19 63 97
20
aababaabaabababaaaabbbbaabbababababaabba
815425 366333 874864 157621 524436 497641 191848 866393 788019 62901 949223 444544 64826 897005 43984 126951 698448 683502 552879 60909 256388 615305 126163 789063 795652 573033 255352 216348 322903 865367 872744 138327 748051 263959 812299 788838 277951 520499 655230 65970
20
aaaaaaaaaaaaaaaaaaaaaaaaaaaaaaaaaaaaaaab
99 5 13 77 9 48 79 56 50 9 64 37 65 78 52 16 10 55 15 13 21 11 91 71 69 42 8 72 40 90 41 90 94 5 18 54 52 48 9 53
20
aabbaaaaaaaaaaaabaaabaaaaaaaaaaaaaaaaaaa
801456 326424 945942 326573 746102 262093 647340 255163 349947 184455 87127 819520 627017 573770 520790 817185 872711 527250 801656 208502 705291 368448 644043 487784 962104 760513 320789 626608 201212 353697 561812 519020 196472 507753 845592 458925 286197 492931 714088 636144
3
bbbaab
37 66 63 53 35 4
20
abaabbabbbbbaaabbabaabaaabbaaabbabaabbab
154290 280397 536405 472297 488898 241695 357097 649293 245830 319200 926157 566618 462159 127368 436666 540323 646387 633138 48075 491978 92062 334272 984909 322501 486767 694997 640067 458781 515750 531401 467936 670039 811798 4341 142335 817047 762387 499431 982691 8217
20
ababababababbbbbabababaaaaababababababab
83 47 86 93 15 52 15 53 41 42 31 54 65 91 55 31 87 73 63 88 73 98 26 22 90 61 21 77 43 11 93 25 10 30 70 76 81 84 28 21
20
bbbbbbbbbbaaaaaaaababbaabbbbbabbabbaabaa
184325 324310 588475 453189 516500 713081 725171 920039 477753 455933 839326 290177 170983 428652 914399 890372 676664 388371 372148 940458 845033 378492 539235 210542 476022 451504 128617 617754 733939 761997 436827 918264 86306 541653 887804 119158 254733 129327 39196 248837
20
babaabbaaaaaaaaaabbaabbabbbbaaababbbbbbb
59 21 13 93 24 63 65 39 33 64 49 66 8 83 59 29 38 28 34 76 24 60 91 29 12 47 86 96 73 33 32 83 6 97 76 29 59 40 20 44
18
aaaababababbbaabbabababababbbbbbaaaa
787455 322668 173961 733762 851602 620371 672442 832039 195398 228876 546414 532421 738487 211757 472102 273399 764903 530939 95746 447375 145324 166930 231457 638229 777126 288132 471009 873436 24123 836680 844231 811578 159347 18191 61691 10948
20
bbbbbbaaaaaaaaaaaaaaaaaaaaaaaaaaaaaaaaaa
14 33 38 11 8 52 84 94 8 37 44 10 27 90 36 50 19 92 78 96 24 39 31 98 18 14 75 17 56 66 16 69 50 54 80 57 57 15 2 16
20
aaaabbbbaaaabbbbaaaabbbbaaaabbbbaaaabbbb
624151 218398 59477 58977 321739 905612 639127 592009 983203 373856 639404 865278 579594 76586 771476 622012 357999 5602 340128 690307 301419 585543 661175 331368 706648 982354 324324 733504 218968 51478 394219 359470 786227 453695 418447 107965 359306 573925 699973 858861
0
