2 10
2 2
1 1 1 0 886
2 2 1 2 256
2 1 1 0 287
2 1 2 2 556
1 1 1 2 978
1 0 1 2 337
1 0 1 0 600
2 0 2 1 781
1 0 2 2 201
1 1 2 2 81
4 15
19 19 20 20
3 0 3 15 861
2 0 4 20 174
2 14 2 10 73
3 15 2 16 267
4 13 2 18 385
1 11 4 11 474
2 1 3 19 651
2 5 3 17 205
1 0 2 9 500
4 17 4 1 138
3 15 1 19 295
4 3 2 19 584
3 6 3 20 289
1 18 3 3 962
3 0 1 18 349
5 100
9 9 10 10 10
5 10 3 1 759
3 2 4 9 578
2 6 3 7 234
1 8 3 9 300
2 9 1 3 117
4 5 5 0 131
3 8 2 6 132
4 0 4 4 344
2 6 3 2 918
1 6 5 5 755
5 0 2 6 271
4 2 5 0 162
3 1 4 6 739
5 9 2 1 680
3 0 5 10 399
2 6 1 2 745
2 9 1 0 432
2 4 4 1 590
5 3 4 4 664
3 10 1 5 201
4 2 3 2 519
1 4 4 6 362
4 1 4 0 608
3 8 2 2 54
1 0 4 4 435
5 3 4 10 200
1 0 4 10 961
5 1 5 0 839
3 8 2 0 140
2 2 1 2 928
5 2 2 0 952
2 0 1 6 988
2 8 2 3 653
4 8 3 1 155
5 5 1 0 150
3 6 1 3 212
1 8 4 7 600
3 7 1 4 4
4 1 5 2 842
3 9 5 0 849
4 7 2 2 130
4 8 4 8 973
3 0 3 5 598
1 6 2 9 952
3 1 4 6 19
3 5 5 5 707
4 1 5 9 499
4 0 2 9 383
2 2 1 6 4
1 3 3 10 375
4 6 1 5 358
2 2 2 1 508
2 6 4 7 20
4 0 5 10 471
2 5 4 1 569
4 7 3 8 132
5 1 4 1 151
5 7 4 10 53
3 5 1 5 208
3 5 3 8 362
2 1 2 3 628
1 7 2 0 29
4 5 1 9 621
5 6 1 5 825
3 6 3 10 824
3 2 3 10 881
2 6 4 8 114
4 5 4 5 474
2 1 1 7 769
5 6 4 2 904
5 8 4 9 719
3 9 3 0 590
2 9 5 8 514
5 2 3 7 638
5 0 1 8 813
1 4 2 9 590
5 7 4 3 789
4 7 2 7 297
4 4 3 1 69
4 8 2 6 73
4 4 4 6 190
1 7 4 9 146
4 7 5 1 399
4 0 2 0 12
3 2 4 10 109
3 6 3 6 584
3 9 3 0 963
2 7 1 3 332
4 2 2 5 972
3 7 4 9 304
4 4 5 4 218
5 7 4 10 8
1 0 1 5 974
2 9 5 7 817
4 7 4 4 168
5 5 5 2 334
1 6 1 9 83
4 3 3 1 530
1 0 5 10 935
5 3 2 5 779
10 100
39 39 40 40 40 39 40 39 39 40
8 3 1 38 578
4 25 2 0 12
1 22 2 39 146
1 24 7 34 590
9 24 9 20 344
4 17 2 32 130
4 14 5 37 474
5 37 4 37 904
10 30 5 40 334
10 1 8 17 151
6 27 2 38 935
8 28 8 7 963
6 0 6 20 83
5 34 7 40 952
4 30 10 3 471
9 36 2 26 73
5 8 4 33 638
5 26 7 36 680
1 34 9 14 362
2 19 7 40 117
4 20 5 3 162
6 17 2 20 29
6 3 8 16 375
9 38 7 31 972
9 28 9 7 973
3 20 8 1 584
9 23 4 15 168
1 16 2 29 952
7 39 6 22 745
7 5 1 37 569
3 0 10 24 824
3 6 2 0 140
10 30 8 35 759
3 26 10 0 707
5 7 4 16 8
8 13 8 39 590
8 16 4 6 109
7 22 1 33 332
4 32 4 9 608
5 11 8 25 825
1 30 4 15 435
7 4 9 9 20
8 29 1 23 212
2 12 6 6 4
5 32 1 27 839
8 31 1 25 208
7 7 5 6 817
7 0 8 36 988
4 36 8 32 530
5 34 7 17 779
4 15 5 5 131
4 36 5 12 499
3 0 2 14 304
10 32 1 39 719
3 7 9 30 739
2 0 1 18 769
3 0 9 38 19
4 0 1 21 383
4 39 5 23 842
8 23 5 17 518
7 0 6 36 234
7 38 4 5 590
6 16 6 33 755
9 5 2 37 297
4 14 4 40 132
9 23 3 15 69
9 25 3 39 155
3 0 10 15 598
4 31 4 6 190
3 20 10 13 399
3 1 4 39 362
2 16 4 16 114
3 1 3 38 54
4 40 5 35 399
3 1 4 38 881
8 6 1 15 201
2 32 3 40 508
7 1 9 39 628
3 0 1 24 4
4 9 5 39 519
9 27 1 39 621
5 1 4 37 664
1 0 1 2 974
6 6 7 9 600
3 17 7 20 132
2 7 6 39 432
9 32 6 5 358
2 6 3 3 928
2 36 3 15 918
10 7 7 22 53
2 8 2 13 653
4 18 8 38 218
5 3 10 40 813
1 8 8 10 300
6 11 5 33 961
2 4 10 34 514
10 9 9 19 789
3 0 10 39 849
10 1 9 13 200
5 3 6 10 150
30 50
14 14 15 15 15 14 15 14 14 15 15 15 15 15 14 14 15 14 14 15 14 14 15 14 15 14 15 15 15 15
2 1 30 3 514
23 0 19 7 19
23 0 1 13 4
30 0 8 9 151
14 5 19 14 519
4 0 10 11 218
27 0 6 12 569
10 5 11 7 334
6 0 6 5 755
24 2 14 10 399
17 1 11 4 628
13 2 8 14 362
12 2 21 5 928
14 6 24 12 131
5 0 13 2 638
2 2 3 13 508
25 9 3 15 680
4 0 2 11 842
21 5 29 12 146
30 1 9 14 719
15 0 25 14 839
14 4 1 14 474
25 3 30 10 779
29 1 24 14 973
3 0 10 9 824
8 3 5 13 578
23 0 2 5 304
13 0 10 5 598
3 0 3 11 881
5 0 19 13 8
15 1 6 10 813
7 0 16 11 988
25 3 1 6 825
23 5 30 8 707
13 1 2 10 739
12 4 22 4 117
15 3 5 14 952
20 0 27 7 53
14 7 7 5 132
13 1 14 8 54
7 0 16 5 234
27 7 12 7 332
7 2 23 10 20
16 2 17 9 600
18 0 2 9 590
16 2 12 4 935
2 1 16 8 432
12 4 25 15 918
16 4 25 13 961
3 0 15 3 849
10 100
49 49 50 50 50 49 50 49 49 50
8 24 8 45 578
4 41 2 30 12
1 47 3 12 146
1 4 7 17 590
9 14 9 30 344
4 18 2 2 130
4 16 8 28 474
5 7 4 25 904
10 2 5 50 334
10 19 8 9 151
6 12 6 35 935
8 8 8 7 963
6 0 6 15 83
5 6 7 11 952
4 25 10 34 471
9 46 2 36 73
5 0 5 7 638
5 29 7 45 680
1 34 9 14 362
2 9 9 21 117
4 19 5 30 162
6 37 2 30 29
6 33 8 36 375
9 38 7 14 972
9 18 9 37 973
3 4 8 11 584
9 43 4 26 168
1 36 2 9 952
7 35 6 22 745
7 48 8 15 569
3 0 10 49 824
3 10 2 40 140
10 46 8 35 759
3 20 10 16 707
5 0 4 42 8
8 8 6 42 590
8 16 4 17 109
7 44 6 49 332
4 7 4 43 608
5 0 7 50 825
1 0 4 21 435
7 38 3 50 20
8 39 1 43 212
2 22 6 6 4
5 0 2 47 839
8 31 1 5 208
7 44 5 20 817
7 33 2 42 988
4 17 8 22 530
5 11 7 4 779
4 33 5 46 131
4 14 5 2 499
3 0 2 26 304
10 48 8 49 719
3 31 9 20 739
2 0 1 47 769
3 0 4 34 19
4 0 1 48 383
4 26 5 2 842
8 33 5 28 518
7 0 6 25 234
7 34 4 41 590
6 6 6 16 755
9 15 2 17 297
4 31 6 47 132
9 23 3 9 69
9 35 3 5 155
3 0 10 45 598
4 13 4 2 190
3 40 10 1 399
3 12 3 49 362
2 6 4 6 114
3 13 5 41 54
4 5 5 7 399
3 8 4 50 881
8 6 1 45 201
2 42 5 47 508
7 21 2 49 628
3 0 1 49 4
4 20 6 48 519
9 47 1 49 621
5 12 4 49 664
1 0 1 1 974
6 12 7 39 600
3 45 7 46 132
2 16 7 44 432
9 2 6 5 358
2 32 4 45 928
2 6 9 49 918
10 50 8 32 53
2 18 2 23 653
4 39 6 41 218
5 1 4 49 813
1 28 8 0 300
6 4 4 23 961
2 4 10 50 514
10 1 9 9 789
3 0 9 3 849
10 26 9 13 200
5 38 6 40 150
50 500
9 9 10 10 10 9 10 9 9 10 10 10 10 10 9 9 10 9 9 10 9 9 10 9 10 9 10 10 10 10 10 9 9 10 9 9 9 10 10 10 10 9 10 10 9 9 9 9 10 10
8 9 2 0 766
19 8 12 9 751
29 5 50 10 297
2 2 18 9 322
38 2 35 2 296
5 3 48 1 142
18 9 14 8 495
38 9 28 5 263
24 2 42 9 499
49 7 28 8 15
42 3 37 9 117
39 5 18 8 771
10 1 46 9 172
25 0 18 7 122
9 8 41 6 719
32 3 28 6 993
33 7 3 1 155
20 8 34 9 873
40 4 5 9 209
13 6 35 4 584
20 0 30 9 458
50 2 1 6 74
27 0 22 5 118
23 7 22 9 952
39 0 43 10 105
48 4 45 0 980
30 9 41 10 340
36 9 39 3 635
28 3 27 4 196
30 4 12 3 568
34 2 45 1 883
10 0 33 0 168
27 8 20 9 522
17 8 16 8 649
44 5 5 10 525
18 6 34 10 873
27 5 42 3 226
15 0 37 9 884
49 9 38 9 807
13 4 3 6 306
26 3 6 9 452
18 6 43 9 201
25 6 8 9 904
13 5 18 4 362
31 0 48 8 362
25 0 1 3 825
41 5 26 1 782
34 3 36 9 4
10 3 3 4 200
41 0 25 8 335
24 0 27 6 131
12 6 39 5 166
17 1 34 4 187
44 5 45 8 778
17 7 2 9 785
49 4 42 2 760
32 5 18 0 827
43 4 42 7 973
29 6 9 6 73
40 2 6 3 352
23 0 23 1 881
48 4 23 4 381
27 5 28 10 20
28 7 5 8 633
41 10 27 9 63
7 4 47 7 829
35 3 13 1 902
13 4 49 4 866
26 4 9 6 293
46 9 39 10 158
43 7 25 4 376
27 7 31 3 37
37 6 42 3 629
26 8 3 7 621
12 5 39 1 763
14 4 32 8 4
10 4 35 5 459
30 9 22 9 348
41 2 41 2 142
48 7 17 2 229
6 0 17 10 375
42 7 1 7 754
38 0 38 6 208
11 7 12 6 414
32 2 11 3 928
25 3 17 9 664
39 8 20 3 184
2 7 3 8 577
45 9 29 9 38
44 0 33 9 575
28 1 8 9 474
39 1 43 3 48
17 0 3 4 847
38 10 46 6 774
45 0 20 10 810
9 4 47 2 103
3 0 50 9 707
25 4 3 9 237
7 4 20 8 120
43 0 42 5 304
43 6 8 2 754
30 9 26 2 499
17 9 5 2 817
41 8 49 10 265
9 2 28 0 664
19 3 44 10 565
5 8 29 3 590
47 7 30 9 790
22 1 34 6 226
13 10 14 9 78
46 9 36 4 596
50 5 35 5 759
47 2 30 4 759
29 10 14 2 123
20 2 1 1 706
22 3 33 1 456
1 9 3 1 665
42 0 42 7 508
22 0 4 7 4
31 3 22 6 720
37 5 9 4 569
29 0 1 0 428
45 8 10 2 333
50 10 24 4 347
8 5 6 8 754
10 6 22 5 435
2 0 10 8 514
50 5 9 6 57
47 3 38 6 939
44 2 30 6 608
39 1 33 8 577
48 7 3 9 101
10 8 23 0 345
20 0 11 9 119
7 0 17 4 628
27 7 5 0 597
20 8 11 4 104
13 0 15 8 849
36 0 50 0 256
37 0 48 0 573
17 9 9 2 187
38 8 4 7 19
50 3 6 0 6
22 9 3 6 41
50 7 47 9 789
26 0 20 8 52
8 1 18 2 835
27 9 4 7 267
8 9 43 4 414
33 1 44 7 140
38 6 6 8 175
32 5 24 1 339
42 0 27 10 114
14 10 30 5 403
16 2 45 3 387
45 9 14 1 952
48 8 6 2 905
14 1 22 3 190
32 8 20 7 447
17 5 46 3 213
24 8 29 6 375
27 4 1 3 437
41 5 49 10 329
37 7 45 9 332
17 9 8 3 515
8 3 6 3 518
23 9 26 2 253
27 5 25 2 628
38 4 30 5 43
48 5 46 5 294
44 9 44 10 662
38 3 4 9 963
8 6 28 4 740
43 0 29 3 19
21 1 26 2 479
38 5 5 3 477
11 2 3 9 935
36 6 33 4 891
34 0 43 3 130
1 5 29 9 146
32 0 25 5 120
27 0 7 10 20
46 1 47 7 719
16 5 37 7 645
7 4 33 9 854
36 9 37 1 224
20 10 43 3 334
15 3 2 6 249
28 6 44 4 142
33 9 29 7 960
20 5 27 3 861
4 3 35 6 637
16 3 20 7 946
24 0 25 5 399
14 6 11 1 503
11 0 16 9 590
43 0 1 6 4
5 4 27 6 559
29 0 43 10 546
47 7 6 0 401
20 5 44 6 334
4 0 33 8 519
31 9 28 3 207
14 5 37 2 547
49 1 41 10 444
26 3 37 7 375
29 8 5 9 556
37 7 18 7 36
18 3 28 6 318
5 3 37 9 433
42 0 37 5 208
14 0 11 7 162
48 5 12 2 561
1 6 10 10 455
50 3 15 5 729
35 5 21 0 700
47 6 9 7 190
10 2 10 2 290
27 7 21 9 838
26 8 7 8 114
28 7 40 8 633
10 5 4 1 624
29 4 23 10 473
11 7 46 8 704
24 4 32 9 122
15 1 39 3 118
27 9 16 7 19
3 0 36 9 739
14 3 35 7 249
21 5 34 10 803
25 2 19 2 219
5 7 40 6 654
35 0 19 7 8
9 0 30 10 486
31 9 38 4 97
35 9 47 9 701
33 8 12 9 531
15 4 25 3 724
48 3 16 3 748
23 1 22 2 54
10 1 44 2 900
28 3 2 0 617
41 0 17 7 740
38 8 3 4 553
1 3 21 7 739
21 3 11 0 172
30 1 29 6 32
34 0 34 6 462
39 10 2 2 701
34 1 23 8 212
18 6 26 3 425
15 6 14 3 118
32 4 35 2 32
18 3 24 1 578
46 6 32 6 676
29 0 23 7 225
29 6 32 4 545
7 6 8 1 85
5 1 47 8 287
28 7 24 6 376
25 4 46 1 78
38 7 21 8 941
34 6 24 1 19
50 5 16 7 414
7 8 6 0 663
24 6 41 4 392
48 2 29 8 164
19 2 38 0 522
5 1 38 10 888
2 0 23 6 653
4 1 27 6 177
36 3 40 6 663
36 5 15 3 93
31 9 27 1 474
39 6 6 2 358
8 6 30 1 893
37 3 3 10 542
18 2 10 5 121
35 1 26 1 150
25 3 8 4 18
17 1 41 2 232
20 10 33 6 631
47 3 13 10 421
16 5 7 9 419
50 9 18 8 578
18 9 46 7 485
3 8 16 5 573
23 1 48 2 419
27 8 7 8 804
22 0 46 3 432
47 3 29 4 161
43 8 14 7 113
15 1 25 3 839
43 5 22 2 630
45 5 9 2 806
34 10 2 9 774
49 0 13 6 79
31 9 10 2 980
45 4 30 5 57
50 8 22 9 366
11 2 28 4 897
2 4 6 6 250
22 5 48 8 770
21 0 33 9 300
44 2 48 2 975
3 7 15 6 755
13 2 30 4 980
10 5 49 2 53
43 10 36 4 419
49 2 33 7 841
35 9 24 0 681
36 8 41 0 351
28 4 7 10 557
33 2 3 4 53
8 2 34 2 361
3 1 45 7 79
27 10 12 5 817
24 0 10 3 57
31 5 14 3 762
14 3 50 4 52
35 4 5 7 370
14 3 12 6 373
47 4 28 8 590
29 6 40 10 250
14 0 13 10 842
3 10 38 9 54
31 5 39 6 650
13 4 30 7 242
13 2 4 10 186
36 0 45 7 961
43 3 5 3 269
6 5 2 2 595
24 2 48 9 451
41 9 14 9 723
37 2 46 1 263
41 10 24 6 652
7 5 24 8 745
19 1 21 6 155
13 0 30 4 824
30 2 39 10 719
16 4 22 2 300
19 1 19 9 898
1 9 26 8 400
34 0 20 6 218
21 4 50 5 99
25 5 1 8 779
5 4 32 2 485
6 7 17 9 671
5 0 36 8 813
44 10 11 10 583
34 10 2 5 149
44 1 2 9 751
38 2 49 8 280
9 8 13 3 385
35 0 10 10 680
33 5 9 7 324
23 4 5 9 784
19 0 11 8 580
8 0 14 0 529
39 0 26 7 252
3 6 30 10 432
13 9 12 9 758
4 10 12 0 368
8 7 38 4 830
27 6 30 1 329
34 1 23 5 529
31 5 27 9 682
35 3 4 2 34
17 6 38 7 669
26 4 35 9 890
29 4 46 6 288
15 5 13 7 638
12 3 33 2 292
28 0 40 1 354
31 2 38 5 795
14 5 22 8 215
1 3 20 5 20
47 3 23 9 797
44 7 44 10 340
35 5 7 4 345
30 7 24 1 743
12 10 42 1 197
2 8 9 9 179
4 4 47 1 558
44 8 6 8 140
15 2 39 6 187
37 6 36 3 988
29 4 42 8 344
39 1 22 7 86
18 1 28 9 237
33 7 31 10 399
35 7 26 9 366
11 2 24 9 435
48 6 44 9 109
18 2 17 4 319
9 3 23 8 972
43 1 15 0 345
28 3 47 8 188
22 0 18 7 918
6 5 19 7 827
37 0 1 5 703
9 3 33 2 313
1 3 11 3 254
17 3 15 4 519
13 9 35 9 923
41 6 43 10 511
26 9 36 3 425
36 6 44 3 625
20 0 14 10 923
19 2 8 0 759
11 2 22 8 535
28 9 36 8 359
30 10 21 8 556
33 5 46 8 132
31 2 32 4 522
6 0 19 7 171
40 0 26 9 973
15 6 9 2 274
26 1 44 8 29
7 7 10 1 47
26 7 34 9 284
23 7 2 1 9
23 8 4 7 685
25 0 45 8 451
15 7 44 8 226
37 1 22 6 541
23 10 23 4 431
27 5 21 7 896
1 0 8 7 342
35 9 33 5 820
24 1 3 9 275
39 4 9 7 69
49 2 27 9 168
49 2 41 10 621
42 4 25 5 618
12 6 1 8 684
38 1 9 9 807
3 1 34 4 119
15 5 19 2 66
31 4 8 0 715
36 0 32 4 935
40 2 46 9 48
3 10 47 3 335
25 3 15 1 616
35 4 39 2 332
19 4 13 9 973
4 0 25 10 471
44 2 19 8 530
29 9 38 4 834
31 10 40 3 86
9 5 27 2 769
28 0 1 9 212
28 0 3 6 659
19 9 20 9 147
44 2 46 4 900
50 5 46 4 785
39 8 3 10 277
14 2 12 10 759
45 8 16 7 209
34 6 9 8 594
41 3 15 9 952
34 0 47 6 12
11 7 39 6 129
38 9 46 9 730
3 1 32 7 875
26 3 19 1 271
28 0 8 4 590
2 0 35 9 814
27 4 26 0 380
6 0 37 6 600
10 3 47 1 95
17 1 37 7 596
36 1 41 10 481
37 6 32 9 914
47 8 33 1 502
4 0 28 5 132
27 9 23 5 89
10 8 43 5 494
33 7 2 4 854
23 2 50 9 147
31 10 15 3 573
36 3 37 4 673
47 6 7 8 163
12 1 45 3 272
21 0 18 3 672
45 6 29 10 247
22 7 34 0 4
44 6 10 6 600
16 5 47 3 356
25 10 29 2 905
49 4 9 0 245
9 7 23 5 185
4 0 39 9 474
2 1 31 7 328
8 4 9 8 522
40 5 13 4 608
17 6 33 1 148
36 6 2 6 731
3 7 21 1 795
40 10 24 1 870
20 1000
24 24 25 25 25 24 25 24 24 25 25 25 25 25 24 24 25 24 24 25
3 4 2 12 630
6 12 3 25 375
6 2 13 24 805
4 6 7 25 759
2 18 10 2 161
14 0 12 13 373
10 10 13 14 363
10 13 7 0 419
18 0 7 6 26
16 12 12 2 781
5 0 10 15 964
14 0 8 20 132
15 1 1 24 825
8 19 14 9 361
13 2 15 5 376
8 14 6 7 485
9 24 10 5 711
9 10 16 12 486
9 0 8 23 771
13 11 6 4 758
13 0 20 20 598
19 4 2 8 565
15 13 16 10 949
10 7 9 21 169
1 22 6 9 146
16 10 12 14 935
7 14 9 9 988
10 17 2 5 435
8 1 7 8 953
4 9 15 16 806
7 20 20 24 669
9 19 16 6 288
3 0 17 6 881
16 18 11 14 520
8 6 14 21 873
3 21 13 23 155
8 21 8 22 122
5 2 9 21 905
11 15 6 22 479
18 8 15 21 518
14 18 15 14 499
5 13 13 4 75
4 23 12 17 527
12 25 3 25 456
14 22 5 24 399
6 20 9 14 629
19 11 13 16 703
17 0 11 22 37
13 0 7 13 335
15 4 20 7 57
1 20 17 14 63
17 22 18 0 690
17 17 20 11 218
13 1 6 12 242
5 6 16 21 976
11 5 15 22 707
5 21 2 11 882
2 7 11 23 754
9 13 4 16 459
6 9 15 18 505
15 22 10 21 859
8 17 7 5 229
3 25 11 12 631
3 10 4 3 119
9 2 12 23 86
18 19 3 2 659
2 21 18 17 358
17 16 16 16 263
15 6 16 15 964
1 23 3 11 418
3 13 16 16 770
14 25 10 5 948
6 23 12 9 663
16 9 18 5 790
2 15 12 14 276
18 12 14 5 361
8 14 11 1 212
9 2 13 1 546
8 7 20 7 354
10 24 6 9 172
16 22 14 18 284
5 9 3 5 820
20 4 16 8 994
3 6 18 5 54
2 2 15 8 683
20 8 6 17 499
17 9 13 2 966
5 14 2 13 630
8 11 4 23 787
13 3 5 2 755
10 15 8 11 53
16 20 7 21 645
9 21 15 23 556
9 1 5 8 898
8 3 16 10 416
11 10 8 18 795
19 23 17 6 526
19 18 2 20 751
5 7 6 13 319
4 6 4 6 340
1 10 1 15 142
12 14 15 10 618
5 25 1 14 461
20 23 20 20 290
17 13 17 3 253
7 1 7 20 804
11 1 11 19 436
15 15 3 22 561
11 8 8 23 97
20 3 7 9 95
8 13 16 0 523
11 19 10 20 511
11 5 11 14 379
12 19 8 24 117
5 5 9 21 796
20 7 9 24 789
17 6 1 1 232
16 20 19 12 171
4 16 15 5 890
17 10 1 2 697
1 20 15 17 610
19 21 10 9 184
4 14 19 23 474
11 22 10 10 98
9 8 5 6 781
10 7 3 20 210
9 5 5 10 674
17 16 9 14 996
1 18 16 14 833
12 22 11 24 653
7 4 10 7 644
11 16 17 15 151
1 14 7 10 475
16 23 3 24 621
16 5 14 25 572
17 10 17 2 134
2 6 4 17 114
20 15 8 5 138
16 18 13 8 829
8 7 15 21 300
12 14 15 15 33
18 6 3 5 14
6 11 3 10 891
5 25 7 7 532
18 17 9 22 977
15 24 11 17 794
7 25 20 24 790
8 0 1 12 769
16 24 16 15 276
2 22 4 24 4
13 3 3 3 54
17 16 14 19 903
4 18 18 23 471
9 0 19 20 386
9 21 3 25 225
10 1 3 16 168
19 21 2 11 73
5 9 8 12 388
17 22 4 14 590
5 21 17 22 345
2 10 8 3 974
17 21 14 2 187
18 4 3 16 28
9 12 7 4 903
14 10 14 5 608
8 5 16 23 754
12 4 16 20 432
3 0 10 9 824
11 9 8 3 984
18 11 18 3 772
5 9 14 8 681
17 23 7 25 138
15 0 9 7 806
15 18 2 5 735
11 16 8 13 672
12 5 9 20 710
3 19 3 6 431
15 17 10 23 680
1 0 15 14 251
12 24 11 12 967
11 13 20 13 888
5 7 16 16 78
20 13 12 23 366
5 10 5 0 808
13 16 5 22 345
5 2 2 18 884
11 5 5 15 271
14 11 7 11 167
17 20 20 24 329
4 24 20 10 436
18 15 13 24 343
5 8 2 7 485
11 13 14 0 38
16 15 7 25 419
9 11 7 20 922
10 20 16 3 348
18 7 19 1 34
18 14 17 10 188
16 18 11 18 619
12 14 10 8 97
3 7 18 12 424
12 4 1 2 441
13 22 13 2 186
5 2 14 0 841
1 24 19 20 254
11 6 18 0 715
10 24 6 12 957
19 21 17 11 665
13 0 19 11 19
8 6 11 9 201
16 23 19 1 271
8 18 9 16 761
18 14 13 8 414
7 18 2 18 706
15 23 18 5 2
7 10 14 24 749
12 3 3 16 577
10 11 4 13 119
14 16 12 23 774
9 5 10 11 956
17 14 17 7 596
19 22 18 12 522
1 24 7 21 27
6 14 6 3 425
8 5 4 3 529
3 17 6 10 577
6 10 19 7 827
3 17 18 21 69
16 19 17 17 224
16 18 1 19 351
7 0 10 11 170
16 14 16 2 152
5 22 4 11 958
3 15 12 11 866
1 3 9 3 329
18 9 11 15 633
4 6 9 10 375
19 1 15 8 321
12 7 18 19 10
14 0 15 6 883
10 11 18 7 469
4 13 16 11 140
7 8 6 23 745
19 18 13 4 48
5 13 13 1 327
10 9 11 13 103
3 24 4 16 35
5 10 7 25 884
7 13 1 3 544
4 16 6 20 861
4 0 7 11 383
2 10 18 0 827
5 13 8 22 122
4 21 6 11 574
18 20 8 24 474
17 5 19 2 884
6 3 2 24 811
13 12 20 14 816
9 11 3 6 42
10 6 14 1 224
1 11 16 8 42
11 0 18 0 300
9 4 3 11 841
4 20 13 14 884
2 13 12 6 589
11 21 10 4 624
18 19 4 23 39
17 12 9 7 187
5 22 12 7 458
1 19 10 18 980
5 25 12 2 501
10 21 16 19 385
5 9 3 3 237
17 13 6 0 380
13 0 12 10 304
18 1 12 5 530
16 0 14 11 513
18 23 11 3 807
8 13 3 3 553
16 22 17 22 671
19 2 3 4 105
11 2 4 19 762
19 8 1 11 719
12 12 3 16 292
1 16 20 22 455
4 10 11 25 503
4 22 13 21 131
15 3 14 18 591
7 15 13 8 421
17 15 3 2 785
18 12 5 24 296
19 13 17 23 972
16 5 2 10 124
5 20 6 19 370
20 23 2 20 735
18 14 4 4 495
6 0 2 2 595
11 5 1 17 564
15 7 17 20 287
16 7 1 8 53
20 1 17 15 861
6 9 19 2 158
14 0 15 23 519
5 11 19 11 590
16 14 4 9 52
1 23 1 20 345
13 1 18 2 419
20 23 9 18 495
11 25 11 22 172
8 6 18 2 835
14 0 12 15 751
9 20 1 17 580
20 12 13 2 631
18 23 7 16 850
20 0 13 10 494
14 3 5 5 97
20 22 10 14 102
14 1 12 18 368
2 10 4 21 339
17 2 18 3 515
18 19 17 6 628
16 2 2 14 156
3 23 9 17 704
15 0 7 22 638
14 10 17 20 177
17 15 1 3 437
3 1 16 13 376
8 20 7 9 907
17 18 5 0 817
9 22 17 15 864
16 16 4 16 625
8 7 7 6 319
13 6 16 5 714
13 23 17 11 943
14 21 10 2 487
19 21 1 19 879
19 24 13 4 577
5 5 2 3 446
8 3 6 15 992
13 18 20 8 338
20 8 6 10 6
9 7 8 8 923
14 13 15 2 249
9 9 5 24 645
8 24 15 3 960
11 9 6 20 935
15 8 13 11 902
12 12 12 18 104
9 5 13 23 85
15 2 14 13 245
6 15 9 7 649
17 18 14 1 389
14 17 11 9 797
2 9 19 5 503
19 23 19 24 168
7 20 17 5 163
5 14 19 4 810
11 3 3 0 400
11 19 20 20 20
4 25 7 23 558
9 8 1 10 650
14 6 17 22 170
20 8 10 2 600
3 6 18 13 493
5 17 15 15 888
10 3 9 17 648
7 6 3 3 965
6 5 10 1 256
3 4 15 24 584
3 24 15 22 78
7 20 18 6 85
17 16 10 23 522
9 12 6 18 3
17 21 4 25 614
11 12 12 21 807
12 11 18 11 993
11 15 14 10 886
19 21 6 23 971
15 3 17 24 952
8 2 4 25 384
10 16 20 18 625
1 18 7 8 594
13 6 13 25 306
5 12 4 1 370
9 18 13 12 819
19 11 15 9 947
7 6 18 0 838
4 21 10 3 238
2 17 6 23 500
2 13 9 7 763
10 0 14 3 743
5 16 18 24 904
19 10 2 8 250
3 22 19 0 570
3 16 15 10 269
17 18 14 19 393
12 5 5 22 467
14 13 3 20 215
15 6 4 22 118
14 12 13 22 346
7 19 20 0 998
8 7 8 11 830
3 21 2 2 973
2 22 11 2 684
3 22 2 10 613
3 20 4 9 872
7 23 16 2 518
14 2 13 15 965
11 24 10 3 706
8 22 9 5 164
14 7 2 24 748
7 13 5 12 341
15 20 6 3 767
20 7 18 11 151
8 6 7 24 578
13 1 6 9 784
17 17 13 1 148
11 23 19 22 994
17 12 6 3 213
8 24 14 12 165
19 17 18 9 834
13 17 5 21 14
7 14 6 5 663
13 7 18 22 262
13 3 16 4 419
4 12 12 19 659
1 14 9 16 228
1 22 16 20 5
8 9 8 20 187
4 19 2 15 149
8 8 20 23 963
13 11 8 2 754
19 3 3 22 132
5 5 19 9 609
10 17 14 4 719
8 13 12 8 127
20 20 3 16 458
20 5 5 25 459
1 22 20 12 86
18 14 5 3 151
3 19 9 19 960
7 24 1 20 703
6 5 19 8 835
8 22 17 1 196
14 15 12 14 641
20 10 6 2 414
3 19 18 14 381
14 16 14 2 607
9 10 8 16 660
7 25 8 7 36
9 23 8 13 15
12 6 19 19 918
5 17 7 23 433
5 23 5 23 698
8 5 16 9 730
9 22 16 12 252
14 16 1 16 259
18 20 10 18 43
13 1 6 10 739
7 20 18 15 573
9 2 8 0 759
4 25 20 3 38
5 23 13 15 402
8 9 14 11 142
16 1 4 11 842
11 1 7 11 682
6 9 5 5 890
3 21 20 5 406
17 16 12 5 287
8 1 8 17 740
11 21 10 25 925
20 7 8 24 463
1 0 20 24 435
9 13 9 18 920
19 24 10 8 530
10 18 11 12 74
16 11 17 8 317
6 5 2 16 604
17 10 1 23 914
16 7 15 23 387
12 23 9 19 461
14 2 7 19 366
19 21 19 20 245
15 10 9 12 66
2 15 14 9 814
18 15 11 9 76
15 3 15 23 451
20 16 8 16 904
10 17 4 23 53
12 20 10 3 425
3 22 17 17 898
3 9 14 11 398
18 10 1 3 464
16 20 7 5 356
6 18 7 4 673
1 16 14 17 723
15 0 16 1 117
9 9 18 15 494
4 14 16 9 4
4 12 2 13 289
19 8 11 16 754
19 9 1 0 428
14 21 18 22 530
18 6 19 22 923
10 23 16 14 664
20 0 11 11 706
4 3 5 12 899
4 5 13 11 275
17 25 7 11 324
12 10 13 15 646
7 7 10 14 47
10 11 19 20 32
6 19 2 22 300
19 6 17 21 277
13 24 9 2 181
3 18 14 18 906
14 12 15 23 162
7 24 18 14 134
7 10 10 24 387
14 21 12 19 989
2 5 3 24 672
20 20 4 15 900
8 14 5 14 359
10 23 7 2 119
8 19 11 2 674
18 3 3 21 602
9 3 16 0 437
6 2 7 14 600
19 14 8 18 807
1 11 8 4 897
19 19 2 24 545
16 20 5 21 93
12 12 3 3 814
17 6 5 8 519
4 5 14 19 462
5 8 3 16 928
4 18 2 8 115
19 13 2 10 123
14 0 15 12 106
1 1 17 8 740
17 19 15 14 597
17 10 8 11 193
4 9 3 10 529
9 3 3 16 313
13 0 5 17 849
16 4 6 19 596
7 8 3 23 1000
12 13 14 21 592
20 21 18 3 578
17 5 16 10 401
20 12 3 14 306
10 5 14 15 624
9 16 2 14 704
5 0 5 9 724
2 0 18 18 890
12 24 5 6 32
15 22 3 3 441
7 25 15 17 712
12 17 12 17 197
10 16 14 13 870
20 24 15 12 209
13 6 11 1 795
14 16 4 0 798
7 22 3 17 854
16 0 16 2 83
17 5 3 24 847
11 9 12 14 720
5 6 6 12 209
20 11 9 1 594
15 3 6 3 548
4 7 13 15 575
1 3 1 5 254
4 1 17 6 583
10 18 11 6 636
13 17 6 22 253
17 10 3 1 268
19 13 10 18 852
8 5 2 1 561
5 25 17 6 305
1 9 16 3 704
9 10 11 24 873
4 5 8 17 273
12 12 12 23 508
2 14 3 6 41
11 10 4 4 414
15 4 9 15 332
11 4 19 8 129
14 12 1 17 652
11 9 11 17 739
14 10 6 24 900
19 23 13 7 385
1 11 4 16 652
13 11 2 7 875
20 9 2 15 409
17 8 2 5 118
11 11 2 4 522
3 5 14 21 149
18 2 8 24 243
8 17 15 0 495
14 13 10 20 403
17 0 6 3 234
14 13 5 25 12
8 21 20 15 893
2 13 19 24 179
7 15 20 2 120
13 12 4 12 685
7 16 7 8 359
20 4 20 21 218
17 10 4 2 267
13 8 16 16 250
17 17 16 4 323
14 22 17 14 525
16 19 19 7 635
17 3 19 0 202
18 1 2 19 111
2 3 20 10 696
13 9 9 5 180
15 23 17 24 559
5 25 19 7 219
18 23 5 23 743
20 20 9 6 57
12 12 8 4 989
9 2 6 5 358
9 0 11 15 473
20 15 16 1 365
6 13 17 10 630
12 5 5 19 272
12 12 6 24 4
1 17 3 24 751
4 16 12 23 122
4 0 1 21 539
8 3 15 13 477
2 19 5 23 312
15 5 20 7 933
3 7 2 11 9
19 11 2 22 621
5 3 11 25 150
12 4 17 17 638
11 15 18 9 207
18 3 12 11 639
19 1 4 1 812
6 0 16 19 755
16 14 16 4 863
6 3 20 24 946
3 20 2 9 531
9 24 7 14 103
18 17 5 4 174
5 3 9 7 38
12 10 14 13 356
9 16 5 8 179
15 5 9 20 487
16 15 10 14 537
2 23 2 13 942
5 1 8 19 18
15 24 17 19 701
4 5 4 4 566
20 17 10 12 568
8 14 9 16 655
11 5 18 22 401
7 4 6 17 19
5 9 13 9 813
9 10 3 1 79
2 3 13 20 714
10 18 13 19 234
17 12 13 21 89
19 2 16 12 965
3 2 15 17 79
18 19 20 15 633
7 3 20 21 396
19 21 16 10 181
17 3 16 24 20
9 23 6 9 809
11 15 9 17 804
11 14 12 4 753
8 16 4 18 109
12 11 1 24 97
9 2 3 13 185
4 13 14 1 662
10 6 11 10 104
7 6 12 23 891
18 3 6 8 748
16 16 7 1 990
18 13 8 17 318
14 0 8 2 975
4 19 14 22 526
20 17 19 3 941
3 18 4 1 726
6 3 1 1 327
13 15 3 17 317
18 7 16 21 503
3 19 19 2 324
20 7 6 13 680
8 14 17 4 4
6 20 5 16 812
1 14 8 9 513
14 21 15 6 450
4 15 3 14 28
12 12 17 15 208
9 8 6 16 973
5 25 20 4 18
3 19 12 20 257
4 23 20 13 600
3 22 13 21 831
11 3 13 11 529
17 24 16 18 649
7 23 20 1 593
14 6 12 19 907
16 20 17 6 858
20 14 11 18 556
7 3 9 22 161
19 4 20 4 147
15 6 8 1 142
10 11 7 17 347
20 3 11 6 197
5 3 20 5 29
17 19 8 18 939
13 10 12 18 972
4 6 16 22 218
3 2 2 2 649
12 12 18 21 918
1 3 11 1 828
8 0 11 14 237
5 12 18 0 218
7 10 3 15 502
9 6 20 5 91
1 21 12 9 576
3 16 3 8 250
12 8 2 18 325
11 0 17 13 590
3 3 5 13 923
17 14 15 13 448
8 19 20 11 243
5 11 7 18 211
19 15 12 17 297
14 8 4 23 19
5 2 9 18 433
10 11 8 18 718
11 13 2 3 535
10 20 11 20 620
12 18 6 18 35
17 3 2 10 628
18 15 18 23 352
16 13 16 9 825
17 6 20 22 759
15 22 16 18 754
10 2 8 16 923
12 19 16 22 322
15 18 13 11 358
4 0 1 21 383
6 2 15 1 961
13 4 10 21 399
4 13 3 5 212
18 11 18 3 151
18 0 14 22 19
15 24 20 12 511
7 18 12 15 629
10 4 4 21 873
6 15 12 11 510
9 9 11 22 444
10 15 14 5 536
12 20 5 15 104
7 22 17 9 896
9 8 12 2 760
16 9 8 9 834
6 5 15 21 877
15 20 11 22 700
15 11 11 21 247
7 3 3 7 797
5 17 19 20 8
17 13 3 13 542
17 15 15 19 340
16 22 19 15 883
8 18 4 22 376
12 7 10 19 514
13 12 16 15 967
16 15 3 20 956
12 21 14 19 226
4 5 2 2 130
3 3 7 12 891
18 8 16 16 677
5 4 1 4 202
13 5 12 6 140
16 11 11 13 481
17 5 15 1 20
20 23 1 17 340
18 22 13 18 941
16 3 16 21 561
13 4 1 22 113
7 3 9 19 398
14 16 20 24 783
2 0 4 18 928
13 13 12 9 581
6 18 17 9 114
15 9 3 11 490
2 1 11 19 328
8 12 19 18 218
5 6 15 5 536
18 16 14 23 425
8 24 3 8 381
14 11 5 2 778
15 12 4 16 226
15 0 8 15 839
7 18 9 22 190
4 15 10 19 52
17 20 18 21 686
12 18 9 20 166
16 16 5 1 676
16 15 20 24 183
16 13 20 2 950
13 18 2 9 952
1 9 19 14 362
20 4 15 0 729
15 2 4 17 366
18 1 19 4 280
9 10 1 23 784
15 17 9 15 187
8 0 6 10 294
1 16 10 3 44
20 5 14 25 334
20 9 8 13 34
4 6 17 18 547
8 24 15 5 980
4 0 5 20 637
9 18 19 6 91
1 16 16 21 782
9 14 19 5 344
9 3 7 14 373
11 12 17 25 474
3 0 4 23 390
9 5 17 11 769
20 22 6 4 48
15 18 10 17 654
4 10 19 3 594
5 15 1 0 262
10 25 2 7 900
16 16 4 9 851
14 17 14 18 800
13 12 9 6 442
9 17 4 2 565
19 23 3 18 69
15 13 14 10 34
8 20 11 7 756
18 24 14 18 522
18 8 6 13 175
6 2 9 9 663
2 7 7 14 615
2 19 8 12 605
8 22 18 2 852
18 8 13 4 847
9 10 3 6 155
7 8 20 18 893
11 0 20 22 99
13 16 7 25 707
7 11 7 22 437
13 19 4 14 617
20 9 14 16 348
15 11 19 7 274
7 10 3 18 477
20 9 4 10 347
16 6 12 14 731
20 14 3 16 345
20 12 12 13 368
17 6 4 25 332
6 18 10 10 163
7 1 2 24 817
15 19 16 6 865
15 11 14 11 586
7 10 8 2 611
6 2 16 17 274
16 5 14 20 580
20 16 10 17 753
4 3 14 25 185
2 15 18 18 770
5 13 3 20 249
2 12 7 21 233
3 0 4 19 362
9 8 1 11 744
9 7 18 11 664
13 21 12 14 854
14 23 20 25 190
7 4 14 12 231
3 8 19 16 882
10 3 6 8 352
18 14 2 0 766
8 8 15 9 590
19 8 12 25 73
4 23 12 12 673
19 10 11 23 887
7 19 2 21 541
20 5 12 17 220
12 6 9 1 387
7 2 12 22 123
9 15 2 6 839
5 10 12 20 397
9 0 12 0 115
6 11 9 22 678
6 24 3 18 311
10 25 13 13 880
10 22 1 8 76
5 14 20 5 333
3 1 10 21 980
20 22 15 9 606
8 14 2 0 617
13 1 10 1 432
16 5 9 7 599
3 8 6 5 573
19 18 3 17 49
15 11 17 25 779
5 11 15 21 616
20 20 16 19 973
10 17 12 22 240
5 13 1 2 634
18 3 16 21 774
12 22 5 1 120
18 5 10 25 208
6 20 20 2 541
6 12 12 22 29
9 7 12 14 701
13 19 10 4 147
4 10 20 25 57
8 17 16 8 359
3 2 9 21 119
5 23 14 19 452
17 23 2 8 226
12 11 10 15 670
9 21 15 6 157
8 1 18 16 263
16 18 18 15 599
5 16 3 8 664
16 0 16 23 492
10 7 17 2 213
1 4 7 1 782
4 7 7 17 966
5 7 18 5 653
6 3 17 15 375
2 9 16 21 250
10 1 14 19 459
16 21 20 18 452
10 14 9 15 753
3 0 4 15 4
11 0 15 18 573
10 1 3 10 334
16 16 20 22 870
7 24 17 9 829
16 3 17 11 914
13 15 17 20 132
8 3 7 23 191
15 18 13 17 204
17 5 7 23 569
15 1 16 10 528
18 18 16 7 905
1 10 15 9 803
14 24 13 22 842
8 1 13 10 828
11 22 5 1 335
3 9 1 20 552
16 21 17 15 719
8 8 7 11 557
7 4 18 20 533
15 16 19 0 118
3 22 4 9 731
11 0 12 25 952
2 3 10 11 447
3 24 13 13 53
20 13 13 25 759
18 7 10 15 121
13 21 5 25 494
4 10 11 1 392
9 22 18 9 172
1 0 8 17 342
6 4 9 21 293
7 23 8 20 321
8 6 6 11 672
15 3 8 0 577
14 16 11 23 800
14 15 12 20 4
14 18 19 17 87
18 14 1 23 810
11 13 14 18 109
20 24 3 14 608
9 10 9 4 549
5 13 18 24 147
11 5 19 10 650
1 7 12 25 265
17 10 5 7 628
20 6 7 10 497
8 12 1 16 498
18 4 8 13 365
15 0 18 21 628
15 7 7 4 184
14 4 19 16 451
10 9 9 13 200
11 9 3 11 665
2 8 11 15 816
2 24 18 14 33
18 2 13 1 101
18 0 10 22 662
17 9 8 13 229
11 20 13 7 191
10 7 6 4 785
10 800
34 34 35 35 35 34 35 34 34 35
3 32 3 23 306
2 23 6 17 322
10 35 7 12 213
1 28 1 21 379
7 2 8 31 193
5 26 6 5 949
10 5 4 6 348
3 24 6 10 714
9 26 5 12 947
3 15 9 12 324
3 30 4 11 390
4 21 3 4 529
9 31 2 21 73
5 6 6 27 209
6 9 3 28 311
7 10 9 7 187
5 31 3 3 402
9 22 8 7 522
2 8 3 2 292
9 31 6 13 971
10 2 6 29 48
6 5 2 1 604
7 16 4 19 393
8 26 8 7 740
10 2 8 21 923
10 30 4 9 900
4 17 2 25 12
2 32 7 7 233
1 22 9 18 129
6 0 5 25 93
5 0 5 34 813
1 9 7 15 474
7 15 3 29 148
5 30 1 1 247
10 17 2 28 220
3 13 3 29 155
10 16 5 2 209
5 13 7 0 184
7 16 4 20 590
8 32 6 8 359
6 28 8 1 375
5 9 6 10 528
4 5 10 35 52
7 2 5 18 448
7 0 4 4 231
10 12 1 9 104
7 32 1 3 914
6 10 7 1 419
3 6 1 27 113
3 21 5 35 881
9 17 8 16 664
1 9 9 11 228
1 4 3 4 400
6 18 10 10 946
6 18 7 17 114
1 8 1 7 739
5 19 7 26 211
4 10 4 20 340
4 20 5 32 890
5 11 9 10 487
6 14 6 28 425
8 14 4 12 522
2 33 10 13 447
8 20 8 24 474
1 34 6 28 704
9 4 7 20 103
10 27 1 12 340
8 3 4 30 376
1 16 10 31 706
3 12 3 22 186
10 5 2 0 240
5 35 7 13 779
5 12 7 34 287
5 7 8 19 18
3 8 5 16 78
7 11 1 33 332
6 4 5 35 505
5 1 3 21 204
6 28 6 9 825
8 19 6 12 485
6 25 10 18 183
1 0 8 22 342
8 11 8 17 835
5 17 8 32 388
7 14 8 25 690
10 17 8 13 718
5 9 4 21 452
10 2 9 31 57
2 1 5 23 104
9 30 2 6 839
9 30 2 7 297
4 8 9 22 87
9 3 3 1 385
6 28 7 30 630
5 29 9 22 66
1 30 1 20 142
7 22 3 27 965
5 8 3 22 928
2 14 8 4 33
6 5 6 3 492
10 6 1 23 76
8 10 9 29 590
4 30 5 0 637
1 33 9 23 329
2 32 9 31 508
5 6 2 13 630
6 24 2 22 300
6 23 1 24 351
8 12 8 17 852
7 7 8 32 36
3 22 8 6 584
5 8 6 18 548
3 0 10 10 598
6 22 5 1 387
4 17 10 15 600
7 7 10 28 47
4 25 7 23 966
8 10 1 0 237
1 22 7 5 682
6 12 2 15 29
3 9 2 27 973
3 11 2 31 9
9 9 9 20 344
9 28 7 17 972
5 16 4 4 118
4 31 2 22 641
3 14 2 2 630
3 16 9 30 570
3 9 10 9 980
8 29 1 18 212
1 10 4 6 435
10 21 8 11 53
7 1 6 20 401
4 26 6 25 861
4 32 5 32 842
3 4 5 34 345
3 19 2 5 140
7 13 3 18 847
4 27 10 35 218
4 13 4 30 566
4 21 2 18 673
5 25 4 14 226
7 6 8 32 628
7 34 6 18 649
8 16 10 5 893
1 18 2 24 522
7 18 10 11 170
1 22 6 10 5
6 27 1 33 53
1 20 4 32 414
10 21 9 11 594
4 3 3 3 575
10 34 2 14 368
3 33 7 4 132
5 34 1 34 202
5 4 4 1 904
4 1 4 28 800
6 31 9 27 678
1 3 8 24 207
8 25 6 13 754
9 32 6 12 252
2 19 6 6 250
5 15 7 20 952
1 29 10 8 98
10 19 6 9 664
7 29 5 35 817
8 16 9 34 280
1 26 3 33 529
8 28 2 9 127
1 0 1 13 974
8 10 10 12 662
5 10 7 33 884
6 1 7 16 317
7 32 1 22 37
5 22 7 0 559
7 14 8 7 611
8 26 4 8 109
10 18 3 28 458
9 23 9 8 920
3 0 2 19 531
8 7 10 25 354
8 14 3 2 28
10 20 3 22 608
1 33 1 27 564
9 33 3 6 313
7 9 3 28 421
1 26 8 30 715
7 30 10 5 522
2 6 3 7 918
8 20 1 15 76
2 5 5 15 120
10 15 10 6 568
9 20 1 27 580
3 1 6 13 376
8 33 6 2 905
5 33 9 30 118
7 15 2 18 226
3 27 6 22 253
8 29 7 16 628
5 25 7 11 433
9 27 3 31 185
6 13 7 31 375
3 8 10 28 707
3 1 9 15 739
10 34 6 0 6
7 9 6 4 323
9 9 1 3 444
5 21 10 25 654
10 34 3 10 345
3 33 6 32 242
9 15 8 8 771
10 0 6 34 172
5 18 6 8 754
5 13 3 29 820
5 15 8 0 653
2 12 1 23 684
2 16 6 33 35
7 0 2 31 988
4 32 7 35 383
10 35 7 22 119
4 22 1 31 539
6 11 3 12 891
2 13 3 25 456
7 8 6 7 745
5 16 9 30 332
8 14 3 16 414
8 31 1 15 208
5 17 9 32 38
7 15 3 11 797
10 7 8 25 759
2 15 4 27 339
10 30 10 30 600
3 19 2 8 866
4 29 8 2 530
3 32 4 18 685
5 4 4 6 591
8 3 6 21 774
2 28 2 8 653
10 26 1 11 706
8 29 4 3 142
6 22 2 24 156
4 10 9 8 594
10 12 1 29 620
5 9 3 32 249
8 16 8 28 772
7 34 2 13 123
1 0 4 28 886
6 20 9 32 171
9 1 7 33 277
6 17 6 17 274
7 12 5 7 628
7 18 9 22 190
7 24 4 33 389
9 8 9 12 973
9 10 1 20 887
10 21 3 32 168
9 34 10 6 147
10 7 8 14 463
5 2 3 1 490
6 27 7 12 671
5 12 9 14 810
4 23 7 2 583
3 27 2 22 875
2 28 9 9 179
7 7 4 5 614
2 7 6 31 4
8 24 1 5 633
5 19 5 28 451
7 0 1 10 703
3 0 10 34 849
9 25 3 14 155
2 15 8 23 974
8 34 4 6 495
8 14 2 0 617
10 0 2 21 151
4 22 3 22 346
4 4 5 17 106
1 19 7 3 27
6 26 4 30 625
8 18 5 22 518
9 21 3 12 42
9 28 4 14 459
7 16 3 13 502
6 20 10 7 256
1 34 10 8 99
4 28 6 34 900
3 31 8 22 424
9 8 3 32 48
6 23 2 10 663
9 11 9 5 245
9 18 2 30 123
6 11 7 27 719
8 13 9 33 578
4 4 2 4 122
9 12 8 13 923
10 24 6 12 414
8 30 4 26 19
6 9 9 16 293
8 29 7 18 4
8 3 8 12 963
1 31 7 12 740
10 7 2 0 435
6 7 9 4 663
8 2 3 19 101
4 33 3 7 275
2 3 2 24 104
4 13 2 6 368
9 30 1 13 873
2 14 5 34 32
8 28 6 30 992
10 5 10 17 334
6 24 8 4 834
6 33 1 11 619
7 19 5 16 712
4 19 4 16 526
6 3 10 16 950
4 23 1 25 797
3 29 6 6 770
9 28 4 26 168
3 2 5 3 269
8 29 5 35 960
4 20 1 1 259
2 21 8 14 989
8 32 5 29 495
5 22 8 15 218
7 9 10 2 790
1 16 2 24 952
3 0 6 30 573
8 7 3 34 941
7 34 10 22 759
1 18 1 15 254
4 2 2 4 774
5 13 5 11 888
8 5 4 13 529
6 5 2 8 510
3 21 10 27 406
4 27 3 6 28
6 32 3 6 805
4 23 2 30 527
4 32 1 29 503
8 19 5 13 151
5 30 2 32 485
9 24 3 5 841
10 29 3 31 880
2 10 7 33 208
2 0 8 8 770
3 1 6 19 419
4 6 5 19 131
8 11 3 6 828
4 23 4 15 185
2 14 3 11 814
5 19 4 28 681
1 28 8 5 300
1 29 7 35 590
2 3 9 32 763
9 17 3 35 546
9 12 6 10 358
8 5 7 30 26
7 31 9 4 398
10 30 3 22 631
2 4 6 3 117
3 13 1 33 631
2 28 3 16 714
5 24 10 31 964
6 5 9 12 827
1 32 10 18 86
10 1 6 33 352
4 12 9 0 375
3 24 4 7 731
2 25 8 0 827
1 10 7 12 63
7 32 2 10 118
5 8 9 7 274
7 28 3 19 854
3 13 8 17 754
10 35 8 28 578
1 8 8 28 795
8 11 8 13 151
9 33 2 30 751
3 2 3 13 53
9 23 2 2 760
3 22 2 26 972
10 9 4 28 347
8 17 10 13 121
3 32 2 34 952
8 23 8 7 318
10 20 6 29 973
9 18 10 2 852
1 30 8 23 672
6 15 9 2 599
1 13 9 7 804
6 25 7 14 935
8 22 9 15 164
2 13 2 3 942
4 10 2 28 659
4 23 4 29 462
8 6 4 25 787
1 1 6 21 782
9 31 6 30 181
7 31 3 8 785
1 3 7 32 594
10 26 3 28 494
4 14 5 17 883
5 8 4 21 245
7 9 4 8 187
9 32 4 16 565
4 10 7 32 547
7 7 2 1 541
7 4 3 29 1000
10 21 4 25 119
9 23 3 30 69
1 6 9 15 650
1 31 4 34 38
3 3 5 20 755
7 19 9 15 202
5 14 5 21 724
10 33 6 34 785
10 12 6 18 348
1 6 4 15 723
6 23 2 19 811
7 18 10 18 329
7 14 6 33 213
3 4 6 0 967
9 6 10 13 184
8 25 6 5 294
9 5 3 5 85
7 4 8 16 85
5 22 9 33 433
4 0 3 3 965
9 19 3 16 577
10 35 9 5 32
10 21 6 31 365
8 24 3 30 659
8 20 6 14 730
10 33 4 19 624
1 29 5 10 707
7 4 10 12 669
10 26 1 33 556
10 11 8 32 469
9 0 6 27 486
8 3 6 13 748
3 16 4 10 35
10 20 1 26 74
10 9 3 2 334
2 25 1 19 97
9 12 2 17 701
4 35 10 25 38
7 21 10 4 120
8 5 10 32 43
8 21 4 5 425
2 26 1 9 328
10 35 7 21 95
2 21 4 27 114
9 15 8 31 660
4 24 7 17 759
8 7 4 33 384
8 23 5 35 477
2 31 5 33 272
1 11 10 5 44
5 12 6 30 964
5 12 4 10 664
4 35 7 33 558
6 19 6 25 276
7 6 6 16 263
1 33 10 0 20
8 8 3 20 847
3 22 3 27 831
3 30 5 23 79
9 11 5 3 157
7 28 2 14 891
6 30 2 2 595
5 0 10 15 333
4 7 10 2 403
10 35 5 15 459
9 34 10 34 530
3 5 7 15 943
4 30 10 33 57
7 14 9 19 20
7 23 6 20 380
8 27 8 1 830
4 19 4 17 190
2 5 3 12 672
4 0 1 33 383
4 32 2 30 373
10 11 10 10 290
4 27 5 10 899
4 20 9 1 451
9 13 1 1 719
8 29 3 24 381
4 11 2 25 149
10 5 9 32 53
6 18 3 6 621
9 1 5 26 556
9 16 4 31 812
7 0 8 34 569
4 26 5 22 399
3 0 4 28 19
9 5 3 33 79
6 19 9 22 158
3 0 4 24 824
4 30 4 19 19
2 17 5 8 33
10 25 7 10 419
4 16 7 18 170
9 33 7 34 526
8 12 7 21 196
5 20 8 5 2
7 16 4 10 267
8 19 4 11 361
6 21 1 19 481
3 7 6 4 758
4 29 10 14 487
7 32 8 18 515
7 16 10 6 893
7 14 7 9 896
3 16 9 1 882
4 9 10 3 238
5 33 3 25 237
7 14 7 9 596
4 19 2 8 4
4 29 7 31 167
2 28 5 32 928
3 18 5 3 376
2 7 4 32 4
1 27 3 34 751
8 8 1 31 807
6 25 2 25 124
7 22 10 25 644
7 17 1 33 544
10 32 5 21 729
2 24 9 30 503
7 6 8 25 838
6 31 5 13 676
6 24 5 21 890
8 31 9 2 923
3 26 8 5 54
5 23 4 27 586
6 3 5 29 600
5 27 10 11 29
6 27 4 32 284
7 17 5 34 341
9 31 3 35 225
10 29 6 29 385
5 28 4 9 370
5 3 7 4 345
6 10 9 17 649
8 13 6 33 175
9 5 7 27 769
8 16 2 7 530
9 12 8 19 834
7 10 5 18 519
9 15 2 17 115
2 34 3 6 41
3 16 10 13 399
10 16 4 19 873
2 3 2 24 589
1 6 10 30 455
8 9 7 30 188
5 11 1 5 700
6 0 4 26 961
2 17 4 19 356
7 27 6 12 518
8 22 9 33 218
4 6 2 29 751
6 26 10 0 870
8 20 1 18 756
9 25 2 23 250
3 7 1 0 552
8 6 8 1 263
8 29 5 32 980
10 3 2 9 366
1 4 9 9 362
3 25 3 24 431
5 23 8 22 122
3 0 1 34 4
8 25 2 1 561
2 12 2 26 197
8 28 7 4 850
5 8 4 35 638
1 2 10 0 511
5 14 5 20 808
4 22 3 30 474
1 2 2 6 753
4 5 7 35 519
5 21 3 1 902
7 32 7 7 829
7 28 6 30 663
5 17 9 12 219
8 8 7 31 557
5 21 8 30 825
5 10 3 1 441
7 19 8 18 939
2 32 1 22 754
1 12 3 27 146
4 21 2 2 130
9 6 7 12 922
2 24 9 16 387
4 10 10 19 471
9 14 8 28 807
5 28 9 21 905
1 13 1 7 172
4 28 7 23 366
4 33 3 9 212
4 30 1 12 800
8 9 2 20 766
3 27 4 33 398
6 31 2 26 731
2 26 4 13 226
10 23 7 15 861
5 28 2 34 839
7 27 5 11 597
10 14 4 15 743
3 17 3 3 317
8 8 2 19 639
4 22 7 32 525
7 35 10 4 998
9 6 1 4 879
6 30 9 34 629
6 0 6 30 83
1 20 5 3 610
5 3 4 32 34
6 24 4 9 52
8 29 8 28 365
9 1 5 22 898
8 19 8 0 187
6 25 4 21 572
1 9 3 9 665
1 19 8 17 401
9 12 2 18 86
1 12 5 15 335
4 9 5 21 97
5 5 1 14 794
5 25 4 35 366
1 11 4 32 652
9 15 1 18 784
7 26 8 10 573
1 9 6 5 935
8 22 5 0 296
3 11 10 18 147
3 26 4 23 119
7 14 1 17 697
1 19 2 8 535
1 21 8 13 97
4 18 1 7 652
1 3 6 9 833
1 14 10 34 980
5 28 10 0 511
7 4 5 0 817
4 18 2 18 115
4 10 6 24 4
9 21 3 16 703
2 28 9 30 166
1 34 10 23 925
3 17 2 29 854
9 33 8 13 15
8 27 8 9 243
7 25 8 18 229
8 26 4 21 873
4 18 8 7 975
3 23 6 4 784
4 23 6 26 140
9 15 5 30 674
3 11 5 23 923
5 31 9 12 806
7 0 6 34 234
4 9 3 16 215
6 8 6 16 561
2 14 10 23 514
7 9 7 26 804
6 8 9 1 271
5 27 9 31 590
10 25 9 24 789
5 30 9 10 187
3 33 2 32 581
3 0 2 22 304
4 34 4 7 608
7 4 2 18 706
8 13 3 21 602
2 5 1 13 967
6 24 6 29 596
3 19 8 12 419
6 17 6 31 755
7 26 1 21 232
8 9 10 33 633
9 1 10 17 91
3 25 10 13 432
2 12 3 32 577
7 17 7 25 138
2 8 8 31 993
10 17 9 23 200
6 11 4 17 851
3 5 9 19 960
5 34 6 3 767
8 28 3 21 553
4 19 4 19 662
8 12 4 25 361
7 22 7 23 163
4 30 1 8 392
5 24 10 33 57
10 0 7 16 497
5 4 4 2 841
9 3 6 30 437
10 21 9 34 719
8 17 5 2 174
5 19 1 12 634
5 31 6 11 117
3 1 9 7 362
9 20 9 24 549
8 19 4 1 39
8 7 7 3 229
5 17 3 1 327
2 23 10 4 97
9 32 8 15 759
1 17 2 33 265
10 20 5 35 606
10 27 3 0 210
6 33 7 6 673
1 14 7 13 782
7 16 6 27 19
10 35 8 25 138
7 23 5 7 20
9 25 1 30 473
1 26 8 19 897
8 4 1 18 674
6 29 9 7 635
6 0 7 33 645
6 1 10 28 452
8 26 1 5 201
9 20 9 5 386
8 12 7 20 319
9 34 6 26 288
6 14 6 17 152
9 32 3 0 105
5 1 2 16 882
9 24 1 25 428
4 2 3 16 884
5 15 6 3 319
6 10 4 15 513
6 3 8 5 599
5 15 6 21 78
1 5 5 27 803
10 4 6 27 499
9 17 6 28 3
3 9 7 28 54
5 29 7 3 680
3 32 10 12 338
2 2 8 29 432
2 24 5 17 618
4 27 5 28 778
6 33 3 22 829
9 13 9 31 91
7 35 9 27 161
7 19 7 11 324
7 29 3 25 542
3 4 7 7 335
6 24 7 25 224
4 23 5 5 249
4 9 6 11 574
4 28 5 24 162
9 27 1 4 621
6 20 9 28 835
1 20 2 6 720
1 23 8 18 984
9 11 5 20 179
1 34 4 33 762
5 35 8 26 142
5 0 10 31 859
7 28 2 13 629
1 29 5 33 573
10 9 4 15 459
5 29 4 34 8
3 0 2 32 649
2 7 5 31 683
4 4 10 30 783
7 10 3 35 89
9 4 2 19 545
5 29 6 10 150
4 34 3 35 132
4 32 5 14 499
3 32 1 6 795
5 10 6 24 370
1 2 2 21 807
10 26 1 22 636
7 10 8 4 134
9 3 1 25 650
1 11 6 27 479
5 35 5 35 616
6 25 7 1 356
7 28 8 20 533
7 20 9 24 996
8 26 7 12 953
5 3 1 5 262
10 29 8 13 34
6 31 7 31 990
2 0 1 32 769
4 28 7 0 177
10 0 9 15 753
7 23 1 23 437
5 9 7 21 701
10 4 4 1 870
10 1000
49 49 50 50 50 49 50 49 49 50
7 28 6 30 663
5 44 9 32 274
9 9 8 15 494
6 30 2 41 604
8 7 8 36 830
10 21 4 21 900
7 9 4 38 187
6 20 9 37 171
1 4 4 45 762
6 12 7 39 600
6 35 9 7 827
9 9 5 27 645
7 33 3 31 421
2 8 7 28 638
8 17 9 22 977
9 47 1 49 621
1 6 10 37 706
2 16 7 44 432
3 38 3 7 53
10 37 10 47 753
7 7 2 1 287
7 18 2 33 226
7 8 9 14 996
3 11 4 0 726
5 17 8 25 577
7 33 2 42 988
8 26 8 42 740
7 38 3 50 20
2 15 4 16 814
1 47 3 12 146
4 24 8 2 975
3 39 8 47 262
7 2 6 3 213
9 24 7 26 103
4 26 5 2 842
4 10 4 7 526
1 23 9 42 804
8 8 7 4 557
2 38 9 49 179
8 7 10 13 354
6 16 4 21 625
3 0 1 49 4
2 46 8 4 989
5 31 6 26 117
10 46 6 13 680
3 41 5 47 923
5 41 3 19 928
7 43 10 33 893
4 20 6 48 519
1 3 1 17 564
3 6 2 10 257
3 26 4 30 685
9 35 3 5 155
6 34 5 29 505
7 28 10 7 759
6 29 6 44 596
4 42 10 45 57
4 1 7 2 966
4 23 2 25 527
3 26 3 40 250
9 2 6 37 965
10 38 9 3 941
4 31 6 47 132
9 46 6 10 181
6 27 6 17 274
5 17 3 10 490
9 4 3 20 841
6 13 7 18 630
3 25 6 4 758
3 16 5 34 345
1 27 7 32 682
4 16 8 28 474
6 28 6 46 561
7 40 9 32 187
8 18 9 16 761
9 43 4 26 168
2 1 1 9 328
5 27 3 1 902
2 12 9 19 918
8 3 3 39 602
6 6 2 6 731
10 42 3 37 458
4 40 3 25 346
10 44 6 29 48
4 29 9 42 87
3 24 10 48 980
6 45 10 11 541
8 28 6 46 774
1 42 3 31 751
8 0 7 42 26
4 24 4 10 19
10 2 3 28 608
6 39 6 3 425
1 4 7 7 782
3 15 2 9 531
7 42 10 39 329
8 37 9 43 218
5 27 10 7 654
9 22 8 9 172
7 40 6 10 401
5 46 6 21 976
5 1 4 3 370
7 39 7 47 804
6 15 3 13 956
9 37 6 43 3
7 0 6 25 234
5 6 2 28 446
6 19 7 25 224
3 8 4 50 881
6 30 10 31 256
1 28 9 28 329
10 50 7 7 119
8 5 6 48 754
6 40 9 7 649
3 37 1 45 552
10 12 6 12 957
3 29 4 14 872
3 49 6 4 419
2 44 5 46 32
10 48 8 49 719
2 35 8 0 827
8 31 1 5 208
7 17 8 40 573
7 41 9 22 161
4 25 10 34 471
10 33 3 44 168
3 24 9 27 324
3 9 6 41 250
2 49 8 39 33
3 20 10 16 707
8 32 5 26 300
8 39 3 25 414
10 31 3 40 306
7 37 5 24 817
2 15 8 18 770
9 23 6 9 809
7 21 10 32 790
4 34 2 18 4
6 3 10 34 946
9 23 8 38 15
8 27 3 13 101
5 48 1 25 262
9 3 3 32 132
5 9 2 32 485
2 13 3 40 456
3 0 4 34 19
4 16 2 42 641
9 16 5 35 179
2 27 5 49 683
4 21 2 38 673
8 20 7 14 907
8 47 3 40 941
1 4 3 29 191
7 43 8 31 85
5 49 7 39 184
9 8 2 31 73
5 11 7 4 779
9 22 8 37 522
6 18 1 0 520
6 39 6 2 152
2 12 4 10 356
10 8 10 40 102
6 37 2 30 29
8 3 6 33 748
3 30 5 5 79
4 15 5 46 778
9 22 7 17 864
9 21 9 20 245
9 0 8 48 771
4 2 10 46 38
2 32 4 45 928
8 28 6 10 416
6 41 7 28 990
4 8 5 5 249
8 26 2 47 530
3 40 10 1 399
5 28 5 11 888
10 45 4 28 347
5 7 6 3 767
9 36 3 36 42
7 0 10 17 522
1 36 2 9 952
7 10 4 19 267
3 15 6 22 253
1 48 3 37 418
6 45 7 27 645
4 30 1 42 652
9 33 1 18 754
7 34 4 41 590
9 0 2 42 115
4 14 10 2 52
6 4 4 23 961
6 2 3 3 805
1 35 2 36 720
10 8 7 6 861
4 41 10 21 600
1 46 2 43 576
7 24 4 25 231
2 45 1 24 97
9 29 10 9 147
9 30 5 6 674
2 28 3 41 646
1 4 7 21 474
4 1 4 10 800
8 6 9 22 923
7 0 5 44 597
10 38 6 19 385
5 36 7 22 287
5 46 4 46 118
1 16 10 29 44
8 6 4 21 873
8 16 4 17 109
8 44 10 27 633
3 50 5 46 78
6 32 1 33 53
7 6 7 40 134
6 21 7 39 719
1 39 9 41 228
5 6 10 28 859
8 19 7 34 628
3 46 10 10 432
5 43 3 1 358
6 15 2 3 510
10 8 1 6 74
6 15 10 31 537
10 45 3 0 210
1 3 1 42 172
7 13 8 14 134
5 25 9 43 433
6 16 10 36 870
8 31 6 11 672
3 23 9 44 960
2 15 9 45 710
7 12 10 32 218
3 21 5 20 755
7 40 2 46 541
7 14 8 0 690
6 6 6 16 755
4 23 7 20 583
6 45 7 24 858
8 20 10 14 43
8 32 6 21 503
7 35 6 22 745
4 18 3 24 965
5 25 10 35 18
4 36 2 21 907
8 13 2 44 127
7 22 3 50 89
8 13 8 42 318
8 14 5 44 359
9 41 2 14 704
4 21 3 34 529
1 19 3 1 400
6 0 6 48 492
10 38 9 17 648
5 18 2 44 397
10 0 1 4 104
8 24 3 15 381
10 26 1 28 556
3 24 8 46 69
7 34 4 12 903
6 48 3 42 621
5 5 1 39 794
4 31 2 36 368
3 48 2 7 875
5 31 2 11 882
9 46 2 36 73
1 39 2 28 535
5 39 10 6 333
5 40 4 32 841
10 34 9 46 169
7 32 10 5 396
2 6 4 6 114
8 11 8 3 151
7 37 10 17 593
7 13 2 48 123
7 43 10 12 669
4 9 3 12 575
2 47 1 38 684
8 24 4 6 522
5 41 8 1 142
10 7 2 40 409
6 32 5 37 387
2 28 10 48 696
8 8 6 42 590
6 21 10 19 452
2 13 10 7 670
7 24 10 6 387
8 24 5 11 980
1 4 7 17 590
7 0 6 4 323
10 38 10 1 290
2 48 2 13 942
7 13 7 35 359
6 2 9 34 663
5 29 7 45 680
9 46 5 45 157
1 0 4 38 414
7 44 6 49 332
8 44 4 14 361
1 13 1 6 379
8 3 6 15 992
7 24 1 45 703
5 23 4 21 586
7 31 5 4 712
8 47 7 18 196
2 38 3 8 292
9 19 2 24 545
2 43 8 11 993
7 3 4 0 389
5 5 6 35 949
3 0 2 26 304
9 38 2 10 123
4 13 4 2 190
7 20 7 43 138
5 10 7 39 559
3 20 4 50 119
4 28 4 23 340
9 3 3 3 313
4 7 4 43 608
10 7 3 28 345
3 26 8 30 54
3 20 1 1 795
7 35 1 2 697
1 9 6 28 704
1 23 1 45 345
4 42 3 0 28
1 0 1 1 974
9 18 2 45 751
7 39 8 20 321
9 17 4 7 565
9 19 6 6 288
10 38 8 16 923
6 47 9 40 883
7 7 3 4 854
5 27 3 40 237
4 22 4 28 662
7 0 10 50 170
7 47 1 28 544
2 33 1 1 816
2 15 2 4 276
9 24 10 23 711
9 46 3 47 225
3 5 2 14 854
2 7 3 26 577
4 19 5 30 162
7 22 8 7 36
2 42 2 43 325
4 7 1 46 539
6 12 6 35 935
8 31 3 49 14
3 1 9 0 570
9 13 9 43 920
10 46 8 35 759
5 12 4 49 664
10 46 1 23 103
2 5 3 9 672
8 43 4 33 376
6 45 7 16 356
6 43 8 40 599
3 34 9 17 704
4 2 5 50 890
5 47 3 24 561
1 13 2 4 522
3 15 2 7 581
7 5 8 11 193
5 16 4 32 226
5 2 9 34 609
9 38 10 20 852
8 32 10 49 121
3 40 1 38 631
2 2 5 47 33
5 27 8 5 653
7 23 1 3 437
5 24 10 43 964
4 33 5 46 131
5 30 8 21 628
5 19 7 44 433
7 31 9 0 202
9 10 9 29 549
8 14 7 18 188
6 23 2 45 663
5 23 2 5 458
7 43 7 44 163
3 39 5 18 376
4 18 10 0 238
3 43 6 10 577
8 42 5 2 495
4 34 2 33 659
9 8 1 36 744
1 41 4 6 723
7 40 10 31 47
2 6 9 49 918
1 18 7 2 594
2 40 1 38 967
7 10 3 34 502
5 26 8 47 122
5 14 5 24 724
9 36 5 36 947
4 37 5 29 106
9 23 3 9 69
2 22 6 6 4
10 50 8 5 138
6 18 1 6 619
5 16 7 5 211
10 26 9 13 200
9 25 1 5 473
1 43 10 42 20
8 4 8 38 365
8 17 7 3 229
4 8 5 35 883
6 5 2 35 124
7 4 6 17 19
2 42 6 23 500
8 19 4 43 39
8 25 1 12 769
3 19 2 26 972
9 10 1 25 887
7 31 5 45 519
1 31 6 22 479
4 41 3 22 884
9 14 8 18 807
1 0 5 31 251
8 16 4 26 425
8 46 10 11 893
9 49 3 16 577
10 39 3 23 334
5 27 3 26 249
5 7 1 2 634
8 26 9 29 280
3 39 7 42 898
5 38 1 20 700
9 34 1 48 444
10 36 6 3 348
6 23 9 1 271
10 26 9 43 495
7 24 9 47 190
7 21 5 37 628
1 32 2 31 807
8 26 3 24 828
4 44 10 26 487
2 13 2 44 589
3 17 5 41 494
1 20 5 48 610
8 24 8 45 578
3 9 4 17 390
7 2 10 49 998
3 47 6 16 770
8 40 1 5 76
4 41 1 19 503
3 15 10 39 406
2 3 6 47 322
4 11 4 6 607
7 34 10 49 644
1 36 8 0 715
5 36 9 15 187
5 6 7 11 952
3 9 2 27 973
1 37 10 0 624
4 29 2 15 373
7 11 2 5 118
9 7 2 2 701
10 21 6 1 365
2 14 9 1 387
1 39 10 23 925
2 10 8 3 974
6 9 8 5 790
3 12 4 21 398
1 47 6 45 5
4 37 4 39 566
4 41 4 26 462
2 46 5 29 104
6 36 7 19 317
6 5 4 9 572
5 0 7 50 825
3 10 8 37 424
10 45 10 18 568
8 49 5 50 960
1 16 10 30 455
2 9 9 19 461
9 2 8 0 759
1 1 9 10 650
5 34 9 40 332
4 5 2 49 774
8 39 2 0 766
8 14 2 0 617
3 31 3 9 831
6 1 4 11 842
5 8 9 7 38
4 44 4 42 185
4 16 6 24 900
1 24 10 11 99
10 40 6 10 6
1 10 5 45 803
7 38 7 48 896
1 11 6 8 42
8 32 9 26 34
2 9 9 5 503
5 3 6 18 754
2 25 8 43 890
8 33 5 28 518
8 33 3 17 847
8 2 8 49 243
5 29 9 20 487
5 40 7 7 532
9 21 6 48 971
8 25 10 9 662
5 50 4 31 958
3 4 8 11 584
4 41 7 2 383
6 3 2 49 811
10 18 2 45 735
1 43 6 39 833
6 18 1 19 351
4 18 5 6 97
5 25 1 29 202
1 28 1 35 828
3 9 6 30 714
7 3 8 46 686
10 1 9 9 789
6 38 10 7 950
2 39 3 33 41
3 22 6 15 967
8 22 9 5 164
4 19 10 35 948
4 27 2 47 989
10 50 8 32 53
3 41 4 50 617
7 36 6 27 518
8 47 8 2 852
4 3 5 33 637
2 42 5 47 508
1 4 7 12 151
10 47 5 39 729
2 7 7 26 615
8 3 2 39 639
9 33 5 27 781
1 24 9 45 254
4 18 2 2 130
2 9 9 21 117
3 35 7 18 943
6 16 5 46 676
1 13 8 34 207
7 14 1 1 232
7 46 8 13 229
10 23 5 0 459
8 25 1 0 237
7 10 6 18 649
3 45 4 11 149
9 32 8 33 923
9 12 7 46 903
4 5 2 15 149
2 12 7 40 233
9 10 1 48 873
5 32 9 12 66
7 25 9 27 884
7 16 4 46 393
10 46 4 46 873
8 40 3 37 343
8 14 1 23 810
4 28 8 17 273
9 8 1 36 719
3 20 9 6 442
9 6 10 44 91
6 4 9 46 293
7 7 3 11 785
9 35 3 42 79
3 33 7 28 891
9 43 3 17 819
1 28 8 0 300
10 29 6 8 994
4 9 2 8 115
3 25 9 16 882
8 3 7 7 191
2 36 6 43 35
8 37 5 12 296
9 3 7 45 373
10 36 3 6 234
2 46 8 42 358
6 45 5 7 93
5 8 9 32 219
6 20 5 8 812
10 34 6 33 352
5 5 9 21 796
7 16 3 11 966
8 14 5 37 151
8 6 1 45 201
10 41 7 27 213
3 10 2 40 140
9 48 7 40 526
8 1 2 19 111
1 22 10 3 86
7 13 3 6 965
4 11 9 41 451
4 17 8 22 530
9 2 3 3 105
9 5 10 32 956
5 15 6 37 209
10 20 6 19 973
2 4 10 50 514
10 20 8 13 34
2 48 9 20 166
6 9 8 9 834
8 13 6 25 523
10 12 9 26 594
7 8 3 9 268
6 25 4 45 513
6 5 5 40 877
8 14 9 16 655
5 47 6 28 548
10 12 6 4 785
8 12 4 34 361
1 0 4 21 435
7 32 3 1 477
2 41 8 44 10
9 46 5 32 556
5 21 6 38 319
10 0 4 27 459
3 24 2 27 649
1 17 1 47 436
10 12 9 15 753
8 44 1 48 674
1 39 8 34 513
5 33 5 48 536
3 0 10 45 598
3 46 9 27 181
10 27 3 6 363
8 8 8 7 963
9 2 3 2 546
8 33 6 41 677
7 48 8 15 569
1 3 1 17 739
9 1 4 13 812
8 36 4 4 787
1 19 8 47 401
4 49 7 11 547
5 47 5 47 698
7 28 9 44 398
4 17 1 16 259
6 5 4 28 580
6 49 6 40 276
8 4 3 20 28
4 2 1 15 797
2 0 1 47 769
1 32 5 0 335
2 22 10 16 425
8 44 3 18 659
9 10 2 33 250
8 32 7 47 319
8 30 6 9 730
4 15 5 43 899
7 45 8 0 838
1 17 10 12 511
4 39 6 41 218
4 27 9 10 375
3 50 2 9 952
9 2 6 5 358
5 22 6 6 865
7 35 8 3 515
10 11 1 11 706
7 35 6 0 380
7 14 1 22 37
2 47 4 8 4
1 0 8 17 342
5 28 7 4 305
8 14 7 6 4
5 8 2 18 884
3 15 6 5 573
1 49 7 18 27
3 15 6 12 242
10 26 7 24 95
10 39 1 42 340
3 26 3 15 317
5 7 4 25 904
9 18 3 0 49
7 7 3 36 847
7 19 3 11 1000
8 39 1 43 212
9 9 1 0 428
8 30 4 31 529
3 44 2 35 613
1 20 7 36 63
4 25 2 29 122
9 42 8 34 834
3 10 4 13 35
9 46 10 25 184
1 14 10 20 98
3 43 3 15 431
7 14 7 15 596
9 48 3 10 385
3 9 4 16 731
6 40 10 3 183
5 19 3 10 441
10 12 3 43 631
6 0 6 15 83
2 11 4 19 226
7 44 5 20 817
8 26 8 16 263
4 37 7 29 366
5 6 6 35 528
1 11 8 4 897
10 14 8 32 469
6 28 7 34 914
5 43 10 30 511
6 11 1 19 481
3 0 10 49 824
1 25 4 31 886
5 44 3 43 327
4 10 7 6 170
5 34 2 5 735
7 46 8 43 939
7 23 8 27 611
4 1 7 41 525
6 36 9 47 678
9 8 1 10 650
5 11 8 30 2
4 24 7 17 759
9 27 3 37 185
8 9 4 33 142
7 12 6 41 263
1 18 8 43 795
10 26 4 15 743
8 18 6 32 905
3 17 8 39 381
4 12 2 29 751
8 44 10 42 243
6 44 2 22 300
7 13 2 43 706
5 18 6 40 964
5 6 1 31 247
9 31 7 21 277
5 38 6 40 150
5 21 7 46 345
9 21 7 26 665
5 2 10 6 933
6 47 7 0 671
1 26 7 12 740
5 0 9 0 118
3 0 1 22 113
10 3 4 25 624
6 33 8 36 375
8 48 5 48 743
8 45 8 49 474
1 23 8 28 984
1 2 2 26 753
3 10 3 20 155
10 19 8 49 463
7 17 5 46 341
5 41 2 6 501
9 11 7 21 922
5 34 4 42 591
6 43 3 16 829
4 43 10 27 783
2 27 4 35 592
10 50 5 17 606
1 34 9 14 362
2 43 10 47 161
4 18 1 27 800
9 32 8 11 664
10 6 6 34 172
1 9 3 48 665
10 29 8 43 718
4 5 5 7 399
5 23 8 24 147
2 34 6 46 250
3 31 8 2 419
6 36 3 18 891
10 19 8 9 151
3 45 7 46 132
10 9 1 44 620
5 13 6 44 370
2 35 4 42 339
5 43 3 23 820
2 28 10 40 447
1 3 1 5 254
7 50 4 40 749
4 49 5 15 450
5 44 8 12 388
3 25 7 25 335
3 22 4 47 906
7 10 7 33 253
10 44 2 43 220
1 35 1 15 142
3 8 3 26 306
6 3 1 1 327
9 0 9 20 386
2 34 5 14 618
6 25 2 2 595
7 11 5 30 448
2 13 9 7 763
4 24 6 36 574
9 10 6 37 486
7 6 3 50 148
10 19 10 12 625
2 7 2 21 197
4 19 10 29 403
9 29 2 8 565
9 5 7 30 769
10 39 8 36 53
5 31 7 9 884
4 41 6 45 861
2 30 5 39 120
10 49 7 49 419
5 39 6 41 78
9 21 1 44 879
10 34 6 14 664
8 25 6 35 294
4 25 7 21 177
10 38 2 10 240
8 39 4 24 495
10 6 4 1 536
3 46 6 38 376
9 10 8 16 660
10 49 5 38 209
8 17 6 8 359
4 22 10 24 436
7 26 7 31 829
4 5 7 24 558
8 35 1 3 464
8 28 5 32 477
9 3 6 25 437
9 18 9 37 973
10 13 1 30 197
4 8 7 19 167
6 45 9 39 629
5 49 3 15 204
7 38 3 1 542
1 29 5 43 707
5 36 1 14 461
5 0 2 47 839
8 48 1 11 807
4 49 6 9 4
8 13 3 30 553
6 5 9 33 835
3 16 8 2 754
8 45 1 13 756
6 12 2 22 781
10 39 1 8 76
7 2 5 34 20
3 35 9 21 119
5 7 9 21 905
1 49 4 24 109
5 19 9 32 806
6 41 4 41 851
10 42 6 27 414
9 15 2 17 297
6 14 4 6 52
5 40 4 20 366
1 7 2 13 265
9 20 1 42 580
9 49 10 31 530
2 44 8 12 605
2 44 5 2 312
3 32 5 7 14
6 19 9 32 635
8 23 7 7 850
5 36 9 29 810
5 39 4 26 34
2 48 10 31 97
3 35 2 12 630
7 33 3 20 797
1 36 4 11 652
1 10 8 13 672
10 28 2 5 435
9 43 3 23 48
2 10 7 30 208
1 1 3 42 529
7 17 7 19 437
6 38 6 9 825
5 14 4 0 245
3 31 9 20 739
10 38 9 6 57
2 18 2 23 653
8 25 4 23 19
10 5 4 24 348
8 42 5 2 174
3 50 5 27 269
8 33 6 38 175
4 4 9 28 594
7 34 8 20 533
3 26 10 6 338
9 38 7 14 972
3 0 9 3 849
5 37 3 18 402
5 38 5 38 616
2 3 3 10 714
5 9 3 11 75
9 15 2 6 839
10 28 2 9 368
7 37 5 41 340
9 8 2 42 760
1 49 6 20 935
8 39 6 7 485
10 15 7 31 497
4 21 1 3 392
3 16 9 5 180
1 4 5 24 573
5 0 4 42 8
1 44 10 43 980
3 12 3 49 362
4 29 6 36 140
7 8 1 23 914
5 18 9 36 590
9 18 9 6 91
7 46 7 17 324
5 0 10 29 29
1 46 8 23 97
5 43 8 25 218
5 24 10 24 57
6 9 9 2 158
6 47 4 41 284
6 3 7 25 375
1 45 9 22 994
10 13 4 20 224
8 34 1 45 633
6 14 6 4 863
6 34 5 39 890
7 28 2 49 891
10 10 4 31 870
2 14 1 2 441
9 1 5 28 898
3 20 2 11 9
3 13 5 41 54
4 24 3 49 275
9 5 3 32 85
3 26 10 0 816
8 9 8 20 187
5 12 7 48 701
3 32 10 39 147
9 10 1 23 784
4 29 5 14 806
8 11 8 3 772
10 21 4 40 119
1 32 9 8 129
10 28 6 42 499
4 9 2 24 748
5 0 5 7 638
10 2 5 50 334
3 9 8 13 493
8 37 1 16 498
8 31 8 2 835
9 1 5 12 321
1 21 4 37 38
4 49 4 40 798
5 32 5 29 808
4 15 3 1 215
7 15 10 19 120
2 38 2 24 104
1 14 7 4 475
8 2 4 30 384
10 20 8 28 578
9 27 2 3 86
9 11 3 25 703
10 46 7 46 347
9 14 9 30 344
5 34 8 44 18
8 46 8 47 122
10 6 2 19 366
9 47 6 37 252
5 9 2 38 630
6 5 9 32 599
3 40 2 43 866
10 8 9 45 32
9 38 4 47 459
10 27 10 27 600
6 49 3 10 311
10 35 3 25 494
5 1 4 49 813
7 21 2 49 628
2 41 5 9 272
10 25 8 41 904
2 17 5 32 467
1 31 10 39 888
4 1 2 13 289
4 0 1 48 383
8 26 7 21 953
2 7 1 27 754
6 43 10 29 163
5 49 5 31 451
10 32 10 32 218
6 15 7 37 419
7 22 4 44 614
1 3 5 31 271
8 5 2 26 561
4 3 3 6 212
8 40 8 23 352
4 41 2 30 12
3 30 3 7 186
5 4 4 43 681
6 18 7 2 114
5 0 4 30 452
7 22 2 13 629
2 34 3 47 814
10 50 3 22 880
3 29 6 34 784
6 27 2 14 156
10 41 1 2 636
6 43 7 15 673
4 14 5 2 499
1 41 6 21 782
0 0
