10 20
1 8
6 1
10 3
7 6
1 9
1 8
1 8
10 1
4 9
1 8
3 9
10 7
4 5
5 8
1 8
10 5
9 8
7 5
5 1
10 5
10 20
8 1
7 4
2 7
1 7
3 7
10 4
3 6
5 10
5 7
5 7
2 7
5 3
7 4
5 2
8 10
9 10
6 7
3 6
3 2
7 4
10 20
4 5
4 5
4 5
1 5
8 5
8 5
10 6
6 4
8 6
7 4
8 5
4 5
4 5
10 8
9 4
4 5
7 1
2 5
7 5
10 1
10 20
1 5
6 4
1 10
8 4
6 4
1 3
1 3
4 3
10 5
8 4
10 5
10 5
9 4
2 3
10 5
10 5
3 5
10 5
8 9
9 5
10 20
9 4
4 7
3 6
1 8
10 4
2 8
2 5
9 7
5 6
8 6
5 8
4 7
5 8
3 8
9 4
4 6
2 8
2 5
2 6
3 4
20 20
8 19
20 5
9 1
9 2
10 14
3 16
6 9
15 8
8 14
3 11
11 13
7 4
18 20
3 11
9 2
17 4
9 4
5 12
19 10
11 7
20 20
1 9
18 10
5 4
11 20
10 20
15 4
9 11
19 11
19 17
15 18
19 11
15 7
11 20
16 15
13 7
2 11
1 18
15 5
7 20
9 18
20 20
9 18
15 1
11 4
12 11
16 10
5 1
4 10
3 9
18 20
7 13
5 19
7 13
7 4
8 10
2 15
3 5
4 10
17 12
19 12
16 10
20 20
17 4
15 3
1 10
11 19
2 20
11 4
11 12
1 11
12 5
18 11
10 12
7 13
11 12
16 13
20 5
5 13
10 12
18 8
20 12
11 12
20 20
17 9
19 3
10 7
14 9
4 3
10 5
7 3
2 5
10 17
17 9
18 5
4 17
8 5
5 14
1 3
1 9
13 14
4 7
8 9
18 14
40 20
3 35
4 6
7 3
4 30
13 38
1 27
28 6
25 38
15 12
15 23
39 15
37 19
39 24
14 12
17 28
21 17
13 30
9 19
22 6
18 3
40 20
31 33
18 35
37 8
12 5
29 12
31 27
6 3
30 35
26 2
31 9
10 13
1 20
3 2
6 7
6 23
10 18
21 26
16 24
8 20
2 13
40 0
40 20
4 6
30 14
21 27
2 18
10 36
8 29
12 17
15 32
23 3
26 19
24 31
13 38
5 22
20 28
16 33
40 35
1 7
25 37
39 11
9 34
40 20
39 34
4 34
3 34
6 34
19 34
11 34
12 34
22 34
29 34
21 34
38 34
31 34
30 34
24 34
40 34
9 34
7 34
25 34
2 34
16 34
