48618508
65450272
91463197
21002360
57951854
76733159
54796743
86585618
16788341
19716367
12010678561420223198990267459632802289222011071322684781357177236932738058350055137637830622612661193902791975006458855042367069096871737852399190317341184863360353575876101080668621599800478971483966785730591451516460904836314345688414706088686405980926535908356506837919014040431890488537594092891651842698780882074022104372993721736047548162493881879862715619662055007483198160469738001678443968017243966410700316340894703059978984635194751850228601173235188552106318297120615808155794200781908864
72507929106316277698357124281175739892175792170834118900649210553213405933484762775205076929422875969447785130240787917374017785498661286799087406984732576268967994544751317884332466748388816009273064849671370294350329830582135446257626939269549081375984586476875970719837114324509307421885115301330219535963816353792915821372137136657253929174166673213771617194017472853060183381022057695306678128666265327920167910821854433923109711112717962358879883860864425367242708984806562923462835921492222667
