16 118
2 1
3 1
3 2
4 1
4 2
4 3
5 1
5 3
5 4
6 1
6 2
6 3
6 4
6 5
7 1
7 2
7 3
7 4
7 5
7 6
8 1
8 2
8 3
8 4
8 5
8 6
8 7
9 1
9 2
9 3
9 4
9 5
9 6
9 7
9 8
10 1
10 2
10 3
10 4
10 5
10 6
10 7
10 8
10 9
11 1
11 2
11 3
11 4
11 5
11 6
11 7
11 8
11 9
11 10
12 1
12 2
12 3
12 4
12 5
12 6
12 7
12 8
12 9
12 10
12 11
13 1
13 2
13 3
13 4
13 5
13 6
13 8
13 9
13 10
13 11
13 12
14 1
14 2
14 3
14 4
14 5
14 6
14 7
14 8
14 9
14 10
14 11
14 12
14 13
15 1
15 2
15 3
15 4
15 5
15 6
15 7
15 8
15 9
15 10
15 11
15 12
15 13
15 14
16 1
16 2
16 3
16 4
16 5
16 6
16 7
16 8
16 9
16 10
16 11
16 12
16 13
16 14
16 15
16 116
2 1
3 2
4 1
4 2
4 3
5 1
5 2
5 3
5 4
6 1
6 2
6 3
6 4
6 5
7 1
7 2
7 3
7 4
7 5
7 6
8 1
8 2
8 3
8 4
8 5
8 6
8 7
9 1
9 2
9 3
9 4
9 5
9 6
9 7
9 8
10 1
10 3
10 4
10 5
10 6
10 7
10 8
10 9
11 1
11 2
11 3
11 4
11 5
11 6
11 7
11 8
11 9
11 10
12 1
12 2
12 3
12 4
12 5
12 6
12 7
12 8
12 9
12 10
12 11
13 1
13 2
13 3
13 4
13 5
13 6
13 7
13 8
13 9
13 10
13 11
13 12
14 1
14 2
14 3
14 4
14 5
14 6
14 7
14 8
14 9
14 10
14 11
14 12
15 1
15 2
15 3
15 4
15 5
15 6
15 7
15 8
15 9
15 11
15 12
15 13
15 14
16 1
16 2
16 3
16 4
16 5
16 6
16 7
16 8
16 9
16 10
16 11
16 12
16 13
16 14
16 15
16 116
2 1
3 1
3 2
4 1
4 2
4 3
5 1
5 2
5 3
5 4
6 1
6 2
6 3
6 4
6 5
7 1
7 2
7 3
7 4
7 5
7 6
8 1
8 2
8 3
8 4
8 5
8 6
8 7
9 1
9 2
9 3
9 5
9 7
9 8
10 1
10 2
10 3
10 4
10 5
10 6
10 7
10 8
10 9
11 1
11 2
11 3
11 4
11 5
11 6
11 7
11 8
11 9
11 10
12 1
12 2
12 3
12 4
12 5
12 6
12 7
12 8
12 9
12 10
12 11
13 1
13 2
13 3
13 4
13 5
13 6
13 7
13 8
13 9
13 10
13 11
13 12
14 1
14 2
14 3
14 4
14 5
14 6
14 7
14 8
14 9
14 11
14 12
14 13
15 1
15 2
15 3
15 5
15 6
15 7
15 8
15 9
15 10
15 11
15 12
15 13
15 14
16 1
16 2
16 3
16 4
16 5
16 6
16 7
16 8
16 9
16 10
16 11
16 12
16 13
16 14
16 15
16 118
2 1
3 1
3 2
4 1
4 2
4 3
5 1
5 2
5 3
5 4
6 1
6 2
6 3
6 4
6 5
7 1
7 2
7 3
7 4
7 5
8 1
8 2
8 3
8 4
8 5
8 6
8 7
9 1
9 2
9 3
9 4
9 5
9 6
9 7
9 8
10 1
10 2
10 3
10 4
10 5
10 6
10 7
10 8
10 9
11 1
11 2
11 3
11 4
11 5
11 6
11 7
11 8
11 9
11 10
12 1
12 2
12 3
12 4
12 5
12 6
12 7
12 8
12 9
12 10
12 11
13 1
13 2
13 3
13 4
13 5
13 6
13 7
13 8
13 9
13 10
13 11
13 12
14 1
14 2
14 3
14 4
14 6
14 7
14 8
14 9
14 10
14 11
14 12
14 13
15 1
15 2
15 3
15 4
15 5
15 6
15 7
15 8
15 9
15 10
15 11
15 12
15 13
15 14
16 1
16 2
16 3
16 4
16 5
16 6
16 7
16 8
16 9
16 10
16 11
16 12
16 13
16 14
16 15
16 117
2 1
3 2
4 1
4 2
4 3
5 1
5 2
5 3
5 4
6 1
6 2
6 3
6 4
6 5
7 1
7 2
7 3
7 4
7 5
7 6
8 1
8 2
8 3
8 4
8 5
8 6
8 7
9 1
9 2
9 3
9 4
9 5
9 6
9 7
9 8
10 1
10 2
10 3
10 4
10 5
10 6
10 7
10 8
10 9
11 1
11 2
11 3
11 4
11 5
11 6
11 7
11 8
11 9
11 10
12 1
12 2
12 3
12 5
12 6
12 7
12 8
12 9
12 10
12 11
13 1
13 2
13 3
13 4
13 5
13 6
13 7
13 8
13 9
13 10
13 11
13 12
14 1
14 2
14 3
14 4
14 5
14 6
14 7
14 8
14 9
14 11
14 12
14 13
15 1
15 2
15 3
15 4
15 5
15 6
15 7
15 8
15 9
15 10
15 11
15 12
15 13
15 14
16 1
16 2
16 3
16 4
16 5
16 6
16 7
16 8
16 9
16 10
16 11
16 12
16 13
16 14
16 15
10 18
2 1
3 2
4 1
4 2
4 3
5 2
6 1
6 3
7 3
7 5
8 1
8 5
8 6
9 6
9 8
10 1
10 5
10 6
10 15
2 1
4 1
6 1
6 2
7 1
7 4
7 6
8 2
8 5
9 1
9 4
9 5
9 6
10 1
10 5
10 38
2 1
3 1
3 2
4 2
4 3
5 2
5 3
5 4
6 1
6 2
6 3
6 4
6 5
7 1
7 2
7 3
7 4
7 5
7 6
8 3
8 4
8 6
8 7
9 1
9 2
9 3
9 5
9 6
9 7
9 8
10 1
10 2
10 3
10 4
10 5
10 6
10 7
10 8
10 26
3 1
4 3
5 1
5 2
5 3
5 4
6 1
6 5
7 1
7 2
7 4
7 5
8 1
8 3
8 4
8 6
9 1
9 5
9 7
9 8
10 2
10 5
10 6
10 7
10 8
10 9
10 19
3 1
3 2
4 1
4 2
5 1
6 5
7 2
7 3
7 5
7 6
8 1
8 3
8 4
8 6
9 2
9 5
9 6
10 8
10 9
10 15
3 1
4 1
5 3
6 4
7 3
7 6
8 1
8 3
8 5
8 6
8 7
9 5
9 6
10 6
10 7
10 8
5 4
6 2
7 6
8 1
9 5
10 3
10 4
10 7
10 21
3 2
5 2
5 3
5 4
6 3
6 5
7 1
7 2
7 5
7 6
8 1
8 2
8 3
8 5
9 1
9 6
9 7
9 8
10 3
10 4
10 7
10 8
2 1
3 1
6 3
6 5
7 6
8 2
9 2
9 5
10 22
2 1
4 2
4 3
5 2
5 3
6 3
6 5
7 1
7 4
8 1
8 3
8 4
9 1
9 3
9 4
9 5
9 7
10 1
10 2
10 4
10 5
10 7
10 8
3 1
5 3
6 1
7 3
7 5
8 1
9 3
9 7
10 14
3 2
4 3
5 1
6 4
7 1
7 3
8 3
8 5
8 6
9 2
9 3
9 5
10 2
10 3
10 5
6 5
7 6
10 1
10 3
10 6
10 15
3 1
7 3
7 4
8 1
8 2
8 3
8 7
9 1
9 3
9 8
10 2
10 4
10 5
10 7
10 8
10 18
4 1
5 2
5 3
6 1
6 3
6 5
7 1
7 2
8 1
8 2
8 3
8 6
9 3
9 4
10 3
10 4
10 6
10 8
10 18
2 1
5 1
5 2
5 3
6 5
7 4
7 5
7 6
8 4
8 7
9 4
9 5
9 6
9 7
10 1
10 2
10 4
10 5
10 34
2 1
3 1
3 2
4 1
4 2
4 3
5 2
5 4
6 1
6 2
6 3
6 5
7 1
7 2
7 3
7 4
7 5
7 6
8 1
8 2
8 4
8 5
8 6
9 1
9 2
9 4
9 5
9 8
10 1
10 2
10 4
10 6
10 8
10 9
10 25
3 2
4 1
4 2
4 3
5 1
5 3
6 1
6 2
6 3
6 4
6 5
7 1
7 4
8 2
8 4
9 1
9 5
9 6
9 8
10 1
10 2
10 3
10 4
10 5
10 6
10 28
2 1
3 1
4 1
5 2
6 1
6 3
6 4
7 1
7 3
8 1
8 2
8 3
8 4
8 5
8 6
8 7
9 1
9 2
9 3
9 4
9 6
9 7
9 8
10 1
10 3
10 7
10 8
10 9
10 23
4 1
4 2
5 2
6 3
7 1
7 2
8 1
8 2
8 3
8 4
8 6
8 7
9 1
9 2
9 4
9 5
9 6
9 7
10 2
10 5
10 6
10 7
10 8
10 44
2 1
3 1
3 2
4 1
4 2
4 3
5 1
5 2
5 3
5 4
6 1
6 2
6 3
6 4
6 5
7 1
7 2
7 3
7 4
7 6
8 1
8 2
8 3
8 4
8 5
8 6
8 7
9 1
9 2
9 3
9 4
9 5
9 6
9 7
9 8
10 1
10 2
10 3
10 4
10 5
10 6
10 7
10 8
10 9
10 12
3 1
5 1
5 2
7 1
7 4
8 2
8 5
9 3
9 4
10 1
10 3
10 5
10 24
3 1
4 1
4 2
5 2
5 3
5 4
6 1
6 2
6 3
6 4
7 2
7 3
7 4
7 6
8 2
8 3
8 4
8 6
9 2
9 3
9 4
10 6
10 7
10 9
10 29
2 1
3 1
3 2
4 1
4 2
4 3
5 1
5 2
6 1
6 2
6 3
6 4
6 5
7 2
7 4
8 1
8 2
8 3
8 5
9 1
9 2
9 4
9 8
10 1
10 2
10 4
10 5
10 6
10 8
10 41
2 1
3 1
3 2
4 1
4 2
4 3
5 1
5 2
5 3
5 4
6 1
6 2
6 3
6 4
6 5
7 1
7 2
7 3
7 4
7 5
7 6
8 1
8 2
8 3
8 4
8 5
8 6
9 1
9 2
9 3
9 4
9 5
9 6
9 8
10 1
10 3
10 5
10 6
10 7
10 8
10 9
10 33
2 1
3 1
3 2
4 1
4 2
5 3
5 4
6 1
6 3
6 4
6 5
7 1
7 2
7 3
7 4
7 5
7 6
8 1
8 2
8 3
8 5
8 7
9 1
9 2
9 3
9 4
9 5
9 7
9 8
10 1
10 4
10 5
10 8
10 25
2 1
3 2
4 3
5 2
5 4
6 1
6 2
6 4
7 2
7 5
7 6
8 1
8 2
8 3
8 6
8 7
9 2
9 3
9 6
9 7
9 8
10 1
10 3
10 6
10 8
10 14
2 1
3 1
3 2
4 3
5 1
5 2
6 1
6 2
7 3
7 5
8 5
8 7
9 3
10 9
10 17
4 1
6 1
6 2
6 3
7 4
7 5
8 1
8 2
8 5
9 1
9 2
9 3
9 4
10 1
10 2
10 4
10 5
10 26
2 1
3 1
5 1
5 2
5 4
6 3
6 4
7 1
7 2
7 4
7 5
7 6
8 2
8 3
8 4
8 5
8 6
9 2
9 3
9 5
9 8
10 1
10 2
10 4
10 5
10 6
10 15
2 1
4 3
5 3
6 4
6 5
7 6
8 2
8 4
9 3
9 4
9 5
9 6
9 8
10 7
10 8
10 21
2 1
3 1
4 2
4 3
5 1
5 2
5 4
6 2
6 4
6 5
7 1
7 3
7 4
7 6
8 1
8 2
8 6
8 7
9 1
9 8
10 6
10 43
2 1
3 1
3 2
4 1
4 2
4 3
5 1
5 2
5 4
6 1
6 2
6 3
6 5
7 1
7 2
7 3
7 4
7 5
7 6
8 1
8 2
8 3
8 4
8 5
8 6
8 7
9 1
9 2
9 3
9 4
9 5
9 6
9 7
9 8
10 1
10 2
10 3
10 4
10 5
10 6
10 7
10 8
10 9
10 5
3 2
4 3
5 1
9 2
10 5
10 31
2 1
3 1
3 2
4 3
5 2
5 3
6 1
6 3
6 4
6 5
7 1
7 5
7 6
8 3
8 4
8 6
8 7
9 1
9 2
9 3
9 5
9 6
9 7
9 8
10 1
10 2
10 4
10 6
10 7
10 8
10 9
10 42
2 1
3 1
3 2
4 1
4 2
4 3
5 2
5 3
5 4
6 1
6 3
6 4
6 5
7 2
7 3
7 4
7 5
7 6
8 1
8 2
8 3
8 4
8 5
8 6
8 7
9 1
9 2
9 3
9 4
9 5
9 6
9 7
9 8
10 1
10 2
10 3
10 4
10 5
10 6
10 7
10 8
10 9
10 9
2 1
5 1
5 2
6 1
8 4
9 7
10 2
10 5
10 8
10 43
2 1
3 1
3 2
4 1
4 2
4 3
5 1
5 2
5 3
5 4
6 1
6 2
6 3
6 4
6 5
7 1
7 2
7 3
7 4
7 5
7 6
8 1
8 3
8 4
8 5
8 6
8 7
9 1
9 2
9 3
9 5
9 6
9 7
9 8
10 1
10 2
10 3
10 4
10 5
10 6
10 7
10 8
10 9
10 11
5 1
5 2
5 3
7 5
8 3
8 5
9 1
9 6
9 7
10 2
10 6
10 13
4 3
5 2
5 3
5 4
6 2
6 5
7 2
7 4
7 5
8 1
8 3
9 1
9 3
10 14
2 1
3 2
5 1
6 3
7 2
7 3
8 5
8 6
8 7
9 4
9 7
10 4
10 7
10 8
10 26
3 1
4 2
5 3
5 4
6 1
6 3
6 4
7 1
7 2
7 5
7 6
8 1
8 2
8 3
8 4
8 5
9 1
9 2
9 3
9 4
9 5
9 6
9 7
10 1
10 4
10 7
10 41
2 1
3 1
3 2
4 1
4 2
4 3
5 1
5 3
5 4
6 1
6 2
6 3
6 4
7 1
7 2
7 3
7 4
7 5
7 6
8 1
8 2
8 3
8 4
8 5
8 6
8 7
9 1
9 3
9 4
9 6
9 7
9 8
10 1
10 2
10 3
10 4
10 5
10 6
10 7
10 8
10 9
10 44
3 1
3 2
4 1
4 2
4 3
5 1
5 2
5 3
5 4
6 1
6 2
6 3
6 4
6 5
7 1
7 2
7 3
7 4
7 5
7 6
8 1
8 2
8 3
8 4
8 5
8 6
8 7
9 1
9 2
9 3
9 4
9 5
9 6
9 7
9 8
10 1
10 2
10 3
10 4
10 5
10 6
10 7
10 8
10 9
10 22
3 1
4 2
5 1
5 4
6 1
6 2
7 1
7 2
7 4
7 5
7 6
8 2
8 3
8 5
8 6
9 4
9 5
9 8
10 1
10 3
10 7
10 8
10 8
5 1
5 4
6 4
7 3
8 7
9 1
10 1
10 5
10 31
2 1
3 1
4 1
4 2
4 3
5 1
5 2
5 4
6 1
6 3
6 5
7 1
7 2
7 4
7 5
8 1
8 2
8 6
8 7
9 1
9 4
9 6
9 7
9 8
10 1
10 3
10 4
10 5
10 6
10 7
10 9
10 44
2 1
3 1
3 2
4 1
4 2
4 3
5 1
5 2
5 3
5 4
6 1
6 2
6 3
6 4
6 5
7 1
7 2
7 3
7 4
7 5
7 6
8 1
8 2
8 3
8 4
8 5
8 6
8 7
9 1
9 2
9 3
9 4
9 6
9 7
9 8
10 1
10 2
10 3
10 4
10 5
10 6
10 7
10 8
10 9
10 13
3 1
4 3
5 1
5 2
5 3
7 3
8 5
9 1
9 4
9 8
10 2
10 4
10 5
10 18
2 1
4 2
4 3
5 2
5 3
5 4
6 4
6 5
7 3
8 2
8 7
9 2
9 5
9 6
9 8
10 3
10 4
10 5
10 34
2 1
3 2
4 1
4 2
4 3
5 2
5 3
5 4
6 3
6 5
7 1
7 2
7 3
7 4
7 5
8 1
8 2
8 5
8 7
9 1
9 2
9 3
9 4
9 5
9 6
9 7
9 8
10 1
10 2
10 5
10 6
10 7
10 8
10 9
10 15
4 3
5 1
5 2
5 3
5 4
6 5
7 3
8 4
9 2
9 4
9 6
10 2
10 4
10 5
10 8
10 11
3 2
5 1
5 4
7 2
8 2
8 3
8 5
8 7
9 5
10 2
10 7
10 37
2 1
3 1
3 2
4 1
4 2
4 3
5 2
5 3
5 4
6 2
6 3
6 4
7 1
7 2
7 3
7 4
7 5
7 6
8 1
8 2
8 3
8 5
8 7
9 1
9 2
9 4
9 6
9 7
9 8
10 1
10 2
10 3
10 5
10 6
10 7
10 8
10 9
10 5
5 1
5 4
9 1
9 8
10 2
10 6
4 3
5 4
6 1
8 3
9 8
10 3
10 27
2 1
4 1
5 1
5 2
5 3
6 1
6 2
6 3
6 4
6 5
7 1
7 5
8 2
8 3
8 4
8 5
8 6
8 7
9 1
9 2
9 3
9 6
9 7
10 2
10 3
10 6
10 8
10 9
3 1
5 2
5 3
6 2
8 2
8 6
9 8
10 5
10 7
10 34
2 1
3 2
4 2
5 1
5 3
5 4
6 2
6 3
6 4
6 5
7 1
7 2
7 3
7 4
7 6
8 1
8 2
8 4
8 5
8 7
9 1
9 3
9 5
9 6
9 7
9 8
10 1
10 2
10 4
10 5
10 6
10 7
10 8
10 9
10 36
3 2
4 1
4 3
5 1
5 2
5 4
6 1
6 2
6 3
6 4
7 2
7 3
7 5
7 6
8 1
8 3
8 4
8 5
8 6
8 7
9 1
9 2
9 3
9 4
9 5
9 6
9 7
9 8
10 1
10 2
10 3
10 5
10 6
10 7
10 8
10 9
10 29
3 2
4 2
4 3
5 1
5 2
5 3
6 3
6 4
6 5
7 2
7 3
7 4
7 5
7 6
8 5
8 6
9 1
9 4
9 5
9 6
9 8
10 1
10 2
10 3
10 4
10 5
10 7
10 8
10 9
10 27
3 1
3 2
4 1
5 1
5 3
5 4
6 1
6 3
6 5
7 2
7 4
7 5
7 6
8 1
8 2
8 3
8 5
8 7
9 1
9 2
9 7
10 1
10 4
10 5
10 6
10 8
10 9
10 24
3 1
4 1
4 2
6 3
6 4
7 1
7 2
7 4
7 5
8 3
8 4
8 5
8 6
8 7
9 2
9 6
9 7
9 8
10 2
10 3
10 4
10 5
10 8
10 9
10 20
3 1
3 2
4 2
5 1
5 2
5 3
6 2
6 5
7 4
8 2
8 4
8 5
8 7
9 2
9 3
9 6
10 3
10 4
10 6
10 7
10 15
3 2
4 1
4 3
5 4
6 1
6 3
7 4
8 1
8 4
9 2
9 4
9 8
10 6
10 8
10 9
10 41
2 1
3 1
3 2
4 1
4 2
4 3
5 1
5 2
5 3
5 4
6 2
6 3
6 4
7 1
7 2
7 3
7 4
7 6
8 1
8 2
8 3
8 4
8 5
8 6
8 7
9 1
9 2
9 3
9 4
9 5
9 6
9 7
9 8
10 2
10 3
10 4
10 5
10 6
10 7
10 8
10 9
10 34
2 1
3 2
4 1
4 3
5 1
5 2
6 1
6 2
6 3
6 4
6 5
7 3
7 4
7 5
7 6
8 1
8 2
8 4
8 5
8 7
9 1
9 2
9 3
9 4
9 6
9 8
10 1
10 2
10 3
10 5
10 6
10 7
10 8
10 9
10 40
2 1
3 1
3 2
4 1
4 2
4 3
5 1
5 2
5 3
5 4
6 1
6 2
6 3
6 4
6 5
7 1
7 2
7 4
7 5
8 1
8 2
8 3
8 4
8 5
8 6
8 7
9 1
9 3
9 4
9 5
9 6
9 7
9 8
10 1
10 2
10 3
10 4
10 5
10 7
10 8
10 11
5 3
6 1
6 4
7 1
7 3
7 6
8 1
8 4
8 7
9 3
9 5
10 26
3 1
4 1
4 3
5 1
5 2
5 4
6 1
6 2
6 4
7 3
7 4
7 6
8 1
8 3
8 6
9 1
9 2
9 3
9 5
9 7
9 8
10 2
10 3
10 5
10 7
10 8
10 39
2 1
3 2
4 1
4 2
4 3
5 4
6 1
6 2
6 3
6 4
6 5
7 1
7 2
7 3
7 4
7 5
7 6
8 2
8 3
8 4
8 5
8 6
8 7
9 1
9 2
9 3
9 4
9 5
9 6
9 7
10 1
10 2
10 3
10 4
10 5
10 6
10 7
10 8
10 9
10 42
2 1
3 1
3 2
4 1
4 2
4 3
5 1
5 2
5 3
5 4
6 1
6 2
6 3
6 4
6 5
7 1
7 3
7 4
7 5
7 6
8 1
8 2
8 4
8 5
8 6
8 7
9 1
9 2
9 3
9 4
9 5
9 6
9 7
9 8
10 1
10 2
10 3
10 4
10 6
10 7
10 8
10 9
10 42
2 1
3 1
3 2
4 1
4 2
4 3
5 1
5 2
5 3
5 4
6 1
6 2
6 4
6 5
7 1
7 2
7 3
7 4
7 6
8 1
8 2
8 3
8 4
8 5
8 6
8 7
9 1
9 2
9 3
9 4
9 5
9 6
9 7
9 8
10 1
10 3
10 4
10 5
10 6
10 7
10 8
10 9
10 35
2 1
3 1
3 2
4 1
4 2
4 3
5 1
5 3
6 1
6 3
6 5
7 1
7 2
7 3
7 4
8 1
8 2
8 3
8 4
8 5
8 6
8 7
9 2
9 3
9 4
9 5
9 7
9 8
10 1
10 2
10 3
10 4
10 5
10 7
10 9
10 12
4 3
6 2
6 5
7 1
7 5
8 5
8 6
9 1
9 6
9 7
9 8
10 7
10 29
2 1
3 1
3 2
4 2
4 3
5 1
5 2
5 3
6 2
6 3
6 4
7 1
7 2
7 4
8 1
8 3
8 4
8 7
9 2
9 3
9 6
10 1
10 2
10 3
10 4
10 5
10 6
10 7
10 9
10 30
2 1
3 1
4 2
5 1
5 3
5 4
6 1
6 2
6 3
6 4
6 5
7 1
7 2
7 4
7 5
8 1
8 3
8 4
8 5
9 1
9 2
9 3
9 5
9 6
10 1
10 2
10 3
10 4
10 5
10 8
10 25
3 2
4 2
5 3
5 4
6 1
6 3
6 4
7 1
7 2
7 4
7 5
7 6
8 1
8 3
8 4
8 5
8 6
9 1
9 2
9 4
9 5
9 7
9 8
10 1
10 2
10 10
2 1
4 2
6 1
8 3
9 4
9 7
10 1
10 3
10 4
10 7
10 14
2 1
3 1
3 2
5 1
6 2
6 3
6 4
7 1
7 5
8 1
8 2
9 6
9 7
10 4
10 31
3 1
4 1
4 2
5 2
5 4
6 2
6 3
6 4
7 1
7 3
7 4
7 5
7 6
8 2
8 4
8 5
8 6
8 7
9 1
9 2
9 3
9 4
9 5
9 7
9 8
10 2
10 4
10 5
10 6
10 7
10 9
10 19
4 2
4 3
5 3
5 4
6 3
6 5
7 1
7 5
7 6
8 7
9 1
9 2
9 3
9 4
9 5
10 1
10 2
10 7
10 8
10 12
3 1
4 2
5 3
6 1
6 3
7 2
9 1
9 4
9 5
10 5
10 6
10 9
10 6
5 4
6 1
6 4
7 1
7 6
10 2
10 6
7 6
8 3
9 2
9 6
10 7
10 9
10 8
5 2
7 3
7 5
7 6
8 1
9 3
9 6
10 9
10 44
2 1
3 1
3 2
4 1
4 2
4 3
5 1
5 2
5 3
6 1
6 2
6 3
6 4
6 5
7 1
7 2
7 3
7 4
7 5
7 6
8 1
8 2
8 3
8 4
8 5
8 6
8 7
9 1
9 2
9 3
9 4
9 5
9 6
9 7
9 8
10 1
10 2
10 3
10 4
10 5
10 6
10 7
10 8
10 9
10 10
3 2
6 2
7 5
8 3
8 6
9 3
10 2
10 3
10 5
10 6
10 19
2 1
3 1
4 3
5 2
5 4
6 2
6 3
6 5
7 2
7 3
7 6
8 2
8 7
9 4
9 5
10 5
10 6
10 7
10 9
10 15
3 1
4 3
6 2
6 3
6 5
8 2
8 4
8 7
9 8
10 2
10 4
10 5
10 6
10 8
10 9
10 32
3 1
3 2
4 1
4 2
4 3
5 1
5 2
5 4
6 2
6 4
6 5
7 2
7 3
7 6
8 3
8 4
8 5
8 7
9 1
9 3
9 5
9 6
9 7
9 8
10 1
10 2
10 3
10 4
10 6
10 7
10 8
10 9
10 31
2 1
3 1
4 1
4 2
5 2
5 3
6 1
6 2
6 4
6 5
7 1
7 2
7 3
7 5
8 2
8 5
8 6
8 7
9 1
9 2
9 3
9 5
9 6
9 7
9 8
10 1
10 2
10 3
10 5
10 6
10 9
10 34
2 1
3 2
4 1
4 2
4 3
5 2
5 3
6 1
6 2
6 3
6 5
7 1
7 2
7 3
7 5
7 6
8 1
8 2
8 4
8 5
8 6
8 7
9 1
9 3
9 4
9 5
9 7
9 8
10 2
10 3
10 4
10 5
10 6
10 9
10 33
2 1
3 1
3 2
4 1
4 2
4 3
5 1
5 2
5 3
5 4
6 1
6 2
6 3
6 4
6 5
7 1
7 2
7 3
7 5
8 1
8 3
8 7
9 2
9 4
9 5
9 7
9 8
10 1
10 3
10 4
10 6
10 8
10 9
10 41
2 1
3 1
3 2
4 1
4 2
4 3
5 2
5 3
6 1
6 2
6 3
6 4
6 5
7 1
7 2
7 3
7 4
7 5
7 6
8 1
8 2
8 3
8 4
8 5
8 6
8 7
9 1
9 2
9 3
9 4
9 5
9 6
9 7
9 8
10 1
10 2
10 4
10 5
10 6
10 8
10 9
