1000
18 162
127 157
81 163
78 89
102 4
26 94
176 52
121 56
22 185
34 4
25 116
74 158
137 120
126 37
19 148
50 124
178 47
145 146
4 148
102 132
182 159
146 74
42 30
142 55
47 51
148 12
58 129
129 88
76 124
62 49
60 6
79 86
39 96
43 152
181 14
142 125
77 14
43 199
116 162
70 157
138 4
81 105
189 2
29 26
154 138
187 130
129 15
147 123
9 164
173 29
180 168
55 123
12 51
71 95
6 153
97 131
118 37
10 97
195 159
117 13
60 185
94 178
123 118
14 66
97 139
39 187
82 59
41 110
3 6
132 169
65 82
46 7
107 125
135 54
59 73
11 18
41 113
31 176
49 131
40 85
102 95
161 48
142 143
164 110
128 70
115 109
124 38
182 18
154 141
167 191
109 120
125 143
105 195
166 20
195 79
57 75
152 29
51 118
97 83
127 171
61 196
99 187
159 12
105 197
34 45
180 67
90 115
116 190
125 159
19 190
193 58
96 68
40 200
36 84
26 183
36 13
169 24
182 91
91 109
183 70
51 20
28 132
185 83
71 125
99 60
61 46
52 75
198 192
149 86
133 81
121 20
33 52
85 185
10 189
151 169
88 103
174 10
152 145
58 88
88 182
54 107
22 68
59 75
35 176
159 23
78 63
86 146
63 104
95 103
56 1
83 175
27 55
193 81
184 82
54 169
29 191
179 67
44 80
183 145
183 146
46 108
159 197
2 88
141 81
90 123
8 159
176 184
81 86
167 54
35 103
124 6
160 18
156 101
63 58
31 110
58 95
11 93
151 67
28 111
85 200
179 117
42 15
29 59
98 155
109 12
11 48
68 152
151 158
64 89
97 195
27 74
139 183
21 185
184 137
36 54
117 171
108 44
22 33
154 105
94 120
101 25
30 141
63 167
74 107
7 38
185 193
171 76
116 67
165 152
136 55
107 134
63 139
180 57
27 62
39 1
93 4
14 21
69 54
27 186
75 57
90 44
118 77
176 164
11 1
66 52
112 54
168 39
81 81
91 132
194 164
53 100
182 31
16 185
88 107
131 18
97 136
40 196
177 152
97 132
81 11
4 162
64 76
60 96
4 139
170 100
11 85
107 193
59 121
4 197
135 140
116 110
155 136
113 38
58 136
134 105
21 47
91 125
199 18
197 42
63 155
104 185
54 151
194 17
18 194
1 120
9 138
72 55
2 81
30 105
81 199
104 190
1 31
64 67
79 56
141 52
132 104
109 68
51 76
112 44
28 139
160 146
200 67
166 180
62 27
70 158
181 92
61 65
19 50
90 108
150 151
99 46
81 89
162 189
81 115
112 89
24 170
95 125
146 81
78 159
190 199
41 13
152 182
176 146
180 152
129 193
45 109
56 114
23 152
70 107
113 11
47 9
80 40
80 127
8 42
97 101
116 147
80 77
104 151
94 130
28 88
38 122
20 188
107 22
102 28
33 143
35 22
191 131
106 133
19 48
98 168
158 160
70 128
50 14
166 166
177 112
171 76
200 118
179 162
92 74
102 21
11 72
87 187
191 96
15 162
110 9
183 89
141 96
21 127
79 113
58 171
192 70
193 27
95 166
81 185
131 119
174 131
197 63
29 26
103 111
55 109
147 121
49 151
71 140
41 94
119 54
179 198
124 49
109 125
164 137
39 96
121 109
176 62
174 139
141 11
168 129
146 88
49 186
70 17
51 69
34 15
155 172
91 23
196 139
40 114
174 128
21 79
69 139
66 78
23 117
22 94
33 142
176 42
33 193
135 63
193 195
80 137
162 196
200 142
112 36
10 139
21 58
43 37
64 177
5 11
183 101
193 11
26 117
104 82
10 160
60 48
90 108
122 75
13 109
3 163
24 76
147 110
97 8
145 188
169 1
193 62
126 122
126 178
83 158
60 122
52 95
140 150
181 139
81 79
107 120
84 78
93 2
147 36
155 178
87 67
192 24
29 157
12 133
149 164
157 82
138 33
192 126
129 160
178 54
109 92
4 61
10 63
22 30
41 61
42 127
76 186
157 105
155 161
170 45
37 47
40 41
10 159
156 107
97 150
178 102
94 162
96 155
39 7
163 89
134 58
103 72
81 114
161 74
9 67
119 59
160 28
106 67
78 172
138 153
37 177
115 162
196 97
200 114
177 180
77 75
67 33
105 20
86 193
147 35
168 169
75 102
100 20
5 158
85 112
154 30
125 143
176 163
78 9
195 180
89 40
171 27
77 92
48 68
27 88
139 69
16 61
79 55
130 149
200 61
174 51
83 98
161 105
86 136
5 138
153 142
87 153
29 194
15 137
92 39
96 143
170 160
168 165
138 94
74 97
132 158
90 157
133 143
192 63
151 122
114 60
179 123
75 9
116 95
128 42
126 110
68 87
151 3
178 75
116 114
11 86
151 105
121 102
40 2
124 170
122 32
42 47
136 64
172 38
103 59
199 6
165 153
176 126
138 199
36 110
142 3
39 62
155 72
83 86
133 78
147 160
127 91
64 171
80 200
20 194
78 21
85 197
121 127
68 21
99 187
135 61
103 43
108 16
120 192
167 78
139 88
38 115
175 91
59 73
99 153
113 108
138 190
10 14
99 80
184 45
147 184
139 114
119 31
123 188
28 116
135 76
42 83
93 65
49 167
106 119
74 171
132 28
57 182
70 27
34 125
76 21
74 78
80 156
166 66
140 65
82 193
113 145
27 197
95 28
45 64
126 15
149 127
77 18
190 156
161 131
22 158
24 20
78 68
93 139
53 162
103 89
55 90
102 118
101 190
14 131
172 165
71 191
58 117
67 190
134 8
50 22
152 2
187 132
177 154
20 47
180 127
75 11
100 69
38 122
168 15
104 85
117 127
133 153
3 60
112 8
67 12
10 132
143 138
150 124
26 17
67 64
177 194
74 103
18 42
24 20
196 48
142 188
8 181
103 163
143 133
2 112
108 77
145 54
75 102
49 148
97 41
147 71
102 51
2 14
153 58
6 142
178 152
24 79
190 32
15 87
134 71
50 166
25 126
135 82
188 189
4 108
71 185
108 114
106 145
116 14
23 173
158 111
2 152
197 86
14 128
67 124
25 99
24 42
27 117
124 9
187 183
190 84
107 114
69 10
5 12
56 16
198 18
65 54
18 63
31 17
48 188
28 34
127 33
108 132
137 186
63 27
135 61
137 76
110 171
184 135
40 182
53 156
53 98
143 197
140 54
180 160
101 5
138 81
49 144
141 109
156 6
137 161
25 191
59 132
94 101
11 170
82 4
157 179
181 156
48 195
71 21
85 123
60 82
108 57
21 64
116 195
194 161
170 65
143 28
189 116
21 128
79 89
195 121
134 115
181 49
35 72
115 83
74 58
157 92
116 90
141 147
146 96
109 74
154 197
172 53
151 140
163 11
116 70
140 67
41 78
165 33
33 148
1 48
195 38
72 18
176 172
1 38
92 162
37 106
153 75
189 137
16 132
134 54
57 120
4 130
118 194
189 75
106 111
184 53
15 181
94 85
177 127
151 172
109 99
120 96
95 21
164 145
114 37
32 3
40 78
3 159
28 73
190 151
54 114
121 154
88 88
190 20
71 11
105 74
68 89
120 189
51 154
32 61
123 45
96 71
71 154
82 26
117 9
15 142
181 107
186 198
52 144
104 64
18 80
71 163
24 166
36 104
126 90
185 196
44 166
111 21
159 83
80 58
87 76
121 72
159 75
93 58
4 147
61 193
145 23
119 45
90 81
117 98
128 13
48 183
165 190
4 179
152 137
29 8
59 97
178 68
131 35
178 166
88 147
28 94
118 190
147 184
130 130
122 107
1 106
4 149
190 159
151 89
66 52
194 19
73 112
100 67
10 1
135 137
71 7
54 160
71 38
114 37
160 161
187 170
160 51
165 6
46 23
137 128
53 164
30 60
89 177
47 149
12 55
94 51
139 6
25 22
173 16
141 148
84 102
160 168
55 127
4 164
46 192
24 152
200 105
121 187
154 60
121 96
57 75
142 77
98 74
183 57
167 107
43 188
125 33
34 156
140 47
191 117
23 49
191 120
36 11
346 382
300 280
339 334
232 374
327 206
372 321
270 343
294 261
363 317
259 281
247 398
271 288
288 352
325 329
218 367
320 345
316 351
250 375
295 231
330 296
362 287
243 341
217 307
338 394
375 353
384 288
282 295
378 397
254 248
397 218
277 305
254 373
397 390
273 296
394 259
311 386
350 360
374 277
358 308
380 352
279 237
315 381
201 391
388 213
274 308
261 315
206 314
236 390
390 355
297 307
318 265
343 219
291 256
284 217
341 217
274 214
234 236
388 232
340 205
268 249
331 323
396 236
261 253
340 229
349 221
268 225
362 338
226 235
282 328
310 337
1985 1821
2000 1906
1996 1828
1982 1966
1997 1837
1985 1993
1982 1859
1989 1955
1993 1848
1988 1920
1996 1843
1984 1888
1981 1995
1996 1926
1994 1976
1988 1875
1997 1991
1984 1865
1986 1874
1985 1911
1985 1874
1991 1936
1987 1860
1986 1810
1985 1885
1991 1927
1989 1878
1998 1983
2000 1965
1984 1856
