1000
61956 79013
40463 45517
15281 69586
2540 88636
52103 76573
2893 60890
70045 80639
9023 39320
27667 63305
12775 82556
63716 89630
13529 48000
1173 51741
1174 85276
45006 71051
23763 73724
31663 67291
65401 74334
71511 90250
13373 47710
4467 15696
8449 33265
17317 53432
56092 57955
54014 56707
40411 98860
643 74603
56874 83251
61190 64705
35009 44310
6285 86539
42615 53408
5951 99861
41319 44413
44368 64714
7264 20688
26670 34271
61043 92317
29639 50353
23792 94872
3770 97240
37002 91348
46325 54687
25750 78253
5509 62464
38704 56543
2989 92963
73998 86004
2198 88148
16698 45899
79532 84929
26050 26149
59041 75168
28802 92255
14246 65768
70656 79252
81265 98363
16146 85237
13151 26070
50119 65477
77364 79578
20809 73936
9771 15320
30551 64952
24434 34903
21609 67535
28607 49948
73828 84253
8313 89446
53174 99311
33758 83937
16122 92264
6062 51011
5909 45614
11947 42918
4898 23317
41862 64956
9421 36201
55176 59178
12146 56269
3070 82038
47420 56513
39067 91754
51175 71254
7912 83360
52740 90134
51922 95225
42087 56141
60111 65553
5234 6751
27331 91331
62696 79452
43783 66329
4810 87162
32055 55043
22322 55136
2751 2762
26977 42387
41856 71815
58002 62314
17935 72653
54817 61442
56036 59212
11362 62949
31637 97030
31434 33737
65832 65999
61783 89053
27977 60159
28531 31314
15809 88796
1215 27431
28718 31385
64063 83647
11298 35395
75053 86289
50545 68488
44438 76007
16596 66876
47783 55062
89408 94463
41628 93611
83001 89385
55061 79699
2286 67278
27013 35253
43367 63220
1196 63025
22148 73645
30246 94772
33323 48914
17328 79537
74984 77465
43445 92501
45672 62019
47709 82009
69581 73953
9637 96647
2225 6550
90126 93326
38088 68754
89151 99969
29353 41322
16994 40438
25184 34245
69667 70247
17346 55245
28660 31540
63284 98305
3339 65407
77584 97264
63599 86338
12703 69224
34199 60974
52959 67751
61002 72874
41365 88909
1826 33496
48519 88126
27980 86311
34 16002
20835 92073
4712 39989
45624 97209
69171 80286
55466 78419
49051 82709
47062 86040
62934 90134
46254 79809
14476 75189
26313 40198
5559 59646
13804 47577
6434 24816
16989 92821
56387 63435
36264 68376
76572 92392
61852 77793
15495 80306
21457 48593
1206 22340
40127 50512
34161 71593
15273 24260
66007 81855
64578 89897
17669 98861
33892 52095
41824 77849
11524 13072
16392 35770
39048 49086
48862 72585
24576 50314
46927 55005
53561 71487
36819 85676
37532 43861
3107 56432
88734 89119
3781 40224
19948 22143
16951 88674
23642 95129
67695 70028
19514 72253
17137 33775
20978 61294
2581 10094
17957 98390
19147 39261
55532 65687
20652 78482
34012 53403
3571 54051
52178 72941
21407 36399
10961 33339
7670 60789
31741 46681
65083 94556
41181 52513
12298 68734
22230 52501
19660 27853
53578 94564
11732 76764
3542 95465
47394 85654
10827 80435
20283 72106
35006 68790
15245 64486
27993 70072
26056 40480
16105 92931
16487 93991
25656 68910
86379 94000
56853 96469
26898 80793
66479 80628
32705 42689
45104 68414
82612 95800
1850 78798
5799 34006
80929 93338
25337 25785
17185 75734
12015 56576
14807 70973
7791 83793
17728 42610
19923 43174
92396 95277
37827 52884
11079 26421
48069 94362
38081 40014
51993 62818
62723 78801
20201 81111
13213 22072
27891 49208
50445 82611
5367 41450
342 70521
10355 65144
11095 54857
6304 78785
30496 85917
22784 24446
24922 45756
1758 30919
61574 82301
10072 37228
57003 79193
52811 67299
7954 77648
2116 20604
64283 92849
64505 72739
23102 58173
45364 87134
17311 58353
1461 68095
64517 93838
18186 36821
33440 71923
6894 53513
11110 76931
40595 87701
81873 92452
22978 32836
79358 89826
22930 97339
54319 65899
75334 93213
33514 62065
69251 92976
11212 26103
61168 82433
40597 45925
36992 45755
85318 91244
44926 54836
8143 28179
91536 98421
14617 87184
5760 38568
45347 54159
25951 32567
2189 91549
44949 89983
23567 56318
20585 34693
601 25247
52072 63633
57246 95319
25359 91906
26605 58216
6312 27632
36909 47040
22890 70932
63022 65330
5538 21619
91350 96416
40911 96074
39378 93388
24385 33327
53814 84411
32063 80934
10040 29944
120 58068
23567 78835
28656 55089
65445 74227
58467 78631
45625 51154
86722 90928
18266 56127
14406 42151
24055 65141
396 34988
79435 80105
23489 82197
10024 28385
45680 96709
17706 93505
25187 40197
50089 66329
54274 58250
9253 14362
30265 69516
92666 95489
44216 85863
37619 55553
58608 80958
4050 76483
33915 86548
24618 77410
21526 36881
78830 94884
12258 67006
5658 81645
35064 85303
13562 83514
2705 58849
32865 56840
76768 86603
43354 55108
65868 95899
13878 65821
39486 92413
4872 13896
21129 27097
43838 65801
15971 61279
58250 62756
38024 85245
46883 81731
5106 55887
77381 89204
31204 53678
55340 65033
20987 90080
12662 62845
71039 82955
41654 92989
11105 95024
3704 58822
57573 91690
1243 41800
29372 68939
54338 60986
55246 76983
25196 72445
17931 34290
14150 29610
25635 92809
13779 20496
47596 67722
15920 33067
29016 57391
63575 65728
15469 67975
74082 96413
15680 23768
29403 71432
1358 81610
78421 80584
53360 70543
44711 50086
30732 66713
70737 78377
60847 68402
3004 36248
12462 14094
14754 35539
3296 58943
11290 14626
59521 85950
64587 84134
20873 95729
84638 86152
32787 54271
57495 96826
69061 87055
29171 29697
4453 49872
20802 34931
52618 95015
96448 99271
19942 40806
21476 23805
38661 73356
55264 86308
66518 87008
16453 92018
343 70847
30185 77794
6573 21930
12078 48009
22842 32778
34962 46251
76409 91608
14134 17422
3152 53803
24309 54505
9362 82676
25968 86865
10936 20742
8944 29566
4195 95796
39166 91217
10469 23337
41481 84169
17643 85563
27299 51277
36225 93197
32867 44038
16806 79377
52353 71908
10107 15877
45317 94577
7353 61810
9767 76203
6051 18465
68371 85193
68491 94040
63688 91345
32072 37432
77490 92330
45374 69059
26375 78388
15669 79614
1063 43601
4888 53680
17645 18605
49463 68295
42199 70074
62419 80134
63279 89352
49213 55433
73415 73860
73782 99874
16344 60927
22010 64786
18429 60715
74260 74769
47925 65892
25796 26989
57532 76492
5294 74774
12976 84111
44768 63576
82155 90563
3599 72004
40883 61499
28496 39507
84014 88879
31859 79174
43462 50687
10857 36490
33548 42378
5941 46143
42491 81933
69274 84880
70615 80388
19521 35496
58092 76556
47093 52119
84045 95970
1804 44108
32457 75982
29908 97029
30983 85387
13898 87610
13695 26888
24940 67560
16878 31066
16510 17648
25423 47900
71384 75142
2335 26451
15411 76486
45312 93059
21974 47844
34678 99963
40926 68585
1352 66379
20179 40919
14870 83315
81907 88327
90519 99396
29268 41628
69932 87695
19154 81056
33916 92772
45712 54397
77771 95614
6540 12968
32692 36205
33920 36900
32278 46688
27293 87843
28751 75538
12638 46424
62768 65234
32239 37226
37192 79995
21175 75535
16992 61105
49689 61991
44563 76692
536 79614
55754 60538
66063 84234
79569 83520
57406 89802
28011 78163
3751 42237
8710 88284
54692 93208
5568 29791
53748 96016
42219 87985
62232 81823
24918 39508
29925 50965
26669 49044
32538 71807
8999 74331
22170 70575
4549 5902
67332 91298
33685 99474
20136 63435
75505 87013
7989 9960
5499 82658
59765 69156
40754 72310
60115 83407
45366 66383
74392 76774
8224 24238
46308 91572
40734 72547
2409 6010
32966 38595
59688 64982
4416 56052
68685 69502
82830 89549
84135 97425
60200 72023
52890 89950
31467 51099
47124 96628
37578 97433
60906 91970
30872 88373
457 25158
42132 46320
29035 49661
18720 22801
52668 61364
11448 20714
39563 91908
13683 51648
30082 86539
29949 98213
14924 85334
81243 89052
55680 70472
27228 85767
63202 66211
17589 95337
4827 18856
29101 45691
28564 38275
9078 91700
18687 36671
23222 23807
39599 65198
54109 78529
81988 97018
32726 63666
3161 59326
16710 18164
27737 53514
63623 95327
8376 26480
20319 44643
1415 64777
71349 74203
82000 97632
18211 33524
27318 31792
40263 41633
49070 75879
14148 64439
46862 52314
18529 86287
17044 68706
73512 77832
58014 81562
29160 66019
18724 37329
43909 99252
9587 19493
64056 77218
65553 89380
21226 62604
20857 38736
11666 51053
25121 90135
12566 38357
10719 93423
48991 92157
2225 79950
28182 99330
77721 88464
51404 83463
12903 67014
38255 46067
79873 99353
75872 84742
10191 96693
985 31311
53705 98909
17919 81177
53853 79656
50226 81691
50507 73858
29518 61819
34982 85453
53653 93823
3269 31917
21003 95730
52976 65728
21628 25570
20155 88764
36740 90961
511 65470
12397 72479
31897 89701
5413 84398
51940 52729
40696 43338
67508 80980
12297 87280
81904 92898
42304 58626
12215 73952
14811 71983
10894 30319
50973 84847
36219 56180
4434 60532
24246 80299
4574 82917
23437 80739
7424 71505
12052 49067
37473 44712
80409 90339
16840 18628
41700 97655
17886 54083
33133 82121
15782 51507
21728 96213
3948 12352
58314 98102
71953 84457
80019 80412
62007 82293
1179 76929
12798 46836
73848 94100
31040 41379
39834 99889
41590 43371
32716 66402
24958 36086
12912 19809
27512 84083
34576 93798
3947 28788
16991 65582
25376 40913
39094 59506
66851 99909
98 26721
24362 99051
84595 98353
16840 78344
35832 46589
50563 59797
80858 82034
23175 60145
11806 88358
19554 24157
90017 93122
12934 16351
44339 78689
29770 63487
47755 50976
10922 73516
49591 87470
30840 72738
1118 80840
22615 24791
19314 69864
16494 22949
3654 21039
28381 78099
6233 36346
67554 91219
24971 76880
55362 60154
35889 48900
39598 96438
37744 62633
40908 44170
9114 70183
37797 48157
17759 28723
34511 91504
16040 71024
13803 84484
16094 26346
9409 27225
66813 90912
14632 64455
42707 46761
9641 58718
17396 86269
8021 68910
7078 36011
9124 62021
22284 58123
50586 86035
20308 54069
73679 99476
634 80439
55764 69659
53050 66219
55613 62137
77453 82388
558 41053
37642 93502
40747 91161
46406 98434
9925 97374
53954 67250
23419 57781
21546 44030
1753 88833
46078 53644
47874 68952
42940 93193
82932 89468
10107 53810
41971 81202
13132 77075
62677 98612
7305 99126
62484 87775
70987 71438
67560 72958
62340 80861
74 86557
35420 78904
70479 94266
17979 45914
1082 79977
8468 78143
24772 25808
25792 86496
13151 14792
40639 80601
81935 94842
6762 95414
43164 88186
68600 85644
18973 41614
52621 68908
6142 91060
22118 47764
2429 49853
11693 27647
2818 27196
66555 90753
16854 96356
4372 59689
14788 83255
6612 60503
46156 86241
54890 57697
6561 63593
43937 88585
13220 51311
10687 34172
26264 83447
2428 91231
43436 68483
15609 69940
48841 97123
7614 16801
57007 72885
79798 82702
45857 62656
94972 97917
58855 60523
27699 71407
21326 22211
29154 38696
48000 79294
9329 59830
72680 81046
17879 78302
46907 48171
68398 90154
24492 74175
26333 59295
9494 9849
16936 68334
53955 96854
8437 24108
46892 93326
36623 39123
45284 50311
56013 71096
713 79649
21933 70226
6290 76239
7166 29933
29770 70774
95217 97213
34881 44574
4697 15835
11606 99495
12157 45365
6913 34820
37289 94043
42870 57936
30112 88493
5442 12469
7274 37137
6471 24978
51986 99727
87202 96660
68328 76723
5305 43362
9455 92000
15404 29720
20502 20977
91397 98025
37698 84760
50250 80665
56402 65135
68021 79133
47301 59934
75976 80301
27027 59608
3800 24596
8567 11574
76238 76591
49967 96950
15025 97801
51895 93154
36673 63290
12719 31750
36263 89338
1206 13077
8619 84776
21105 97928
13469 89797
6500 12927
27376 83894
75987 86498
5338 73637
73759 96005
10710 57408
515 52712
41954 78713
28931 34028
83172 84833
15286 77382
58970 95804
57081 95406
70719 99031
23881 79714
92359 95629
31660 35841
3373 40029
3505 51689
10959 12711
18841 79467
14443 44855
56232 85507
14153 65941
20547 92364
6219 39959
35867 78979
43503 79328
9791 43374
33293 85310
59799 65761
8244 99029
42836 95470
68116 77835
48044 83661
57014 86074
57396 69884
50670 70803
72431 83318
17401 25067
5879 88642
1696 38770
74767 92108
10104 20337
31764 45866
26591 79412
401 22414
1027 49566
9028 33438
6866 72502
63048 88427
36028 94255
594 68469
67561 83881
64306 84999
5386 70179
22495 50383
77470 95733
31809 94833
77796 87459
37312 39130
21818 35988
16297 62232
56998 65203
55247 95166
17474 19457
6689 40295
75387 88783
16171 66844
1433 8348
83339 89661
48413 89691
33116 89010
17665 34407
945 74483
47303 75039
