40
0
1
2
3
4
5
6
7
8
9
10
1000000000000000000
41
85
39
682490262245320290
861399929550065388
40309597559843186
219219264274653685
103161631579398783
987103997589176581
460980965972069534
344923332981847332
523832999696657831
190910628980365502
576460752303423487
639147981465421698
576495937782808577
576460752303423489
811526011537094354
831448992417566314
585111666137248948
827066654774186088
602835887442885046
576460752303423488
999999999999999989
536393214598471230
111111111111111111
121212543158454843
878451585475132845