34698992342087033 798679940231468 328579778972958208 801585825658974870 110262015
774130875917747723 19447616100339496 530481913758938193 585673209038989235 609790001
447131078830441991 104295116669229679 64789980409444922 887737896345612577 828707909
143192372710455559 99967106466579061 477770491941117228 957488974948555238 660983075
822265346823489311 278690380483153737 167246893307361919 383634720721828611 940295688
90433181273516759 20168103072482319 114097001852875414 158666925190874677 386821063
629008933037851433 408540053086697443 840381987073944190 858621190963175462 405188383
667049734996224193 60816083020399535 267939238670234828 773140453802683003 698667772
318848335044060293 258702588820733177 240715395198397014 771983334810705222 347225237
358143558125894621 99562491491447764 476845622474054433 855724434579521288 214507180
67 64 55024192908342501 923724944437002492 260839210
79 66 252801382002020815 776542428321208367 550038711
11 5 733337758738828411 966542280974283453 528016352
97 88 443021161879071717 855369845071100731 374971229
31 14 119412045766724955 571230089312237939 22837696
907 415 459059651537296972 711539714718153579 255545979
367 323 589692715646285971 749535498762029286 765139766
97 48 72165179390659852 818034863044003008 486403572
457 334 251584475882212159 962389759629700975 954148316
223 146 27049052281191706 558292152632680568 140494150
71 58 160444534017340949 278143352721510999 958505874
3677 486 293997178242882492 577757512971087892 995823273
9161 3536 141953949593014499 579464240006321599 702300286
2447 2234 125384672628179488 780848231498279585 398071306
6317 5518 170992198689943621 435297710148882182 267478031
17851 8418 306125115853167235 727760480126369506 412189605
22367 8151 512312325307383496 571666029169938177 774645826
1091 474 123884925216338766 258266384434461711 756903581
70117 56612 696772125430123892 940693672332222624 106734832
84239 53458 129774313033721622 658954128304718990 466812971
63467 20267 156736673974414742 565657601826860519 623632761
353867 206035 543908119545086961 803663869661767161 373721520
809407 413491 627907884845125437 951974955701347391 862071168
959887 703955 283818689687116660 804044256530197020 25033948
986767 547773 275531169849647698 532823133323320841 709204924
4616957 231756 152781952721211076 221609670623046186 513862070
5724013 3422403 455251988087250238 846451447361020727 552284402
9677123 8516836 506016207774164315 541684251915882534 853762992
4047371 3001338 268504963036586380 438033343894979594 509784269
5337733 3347791 216557211698038092 217339567306179400 407945669
24805687 23141879 57985928780861941 173741903118951420 635479809
6112361 4809734 511230614713230768 665934954113643311 445424604
28895071 15313509 44740201171938386 756765781990756803 482665865
59006159 6606224 200090820411341942 300209062617215244 6223716
49637491 22435045 49266822307227399 528310586213878964 390979426
334070591 239668037 862805117234472564 901472841497677367 188969904
533109539 257376221 98890659239717484 464832161112818343 998262347
396069503 349468877 726241694742630648 931269600691008799 920325789
646375271 3290915 2422267893324830 400762775183432272 370852916
403718291 62785321 612851105363338402 922897690086671258 327250780
2987364847 827759811 574514952234092229 700861753844812004 214019956
6396503551 3767870945 438064060100920968 980544451058324624 610975012
1512680381 692081631 308678130964867859 801945012530301805 679959609
2750688527 2392299046 303623380371450692 741594074868863339 916028846
182262397 51503737 3632592250422230 748657300354274814 492631994
32905944131 19805004380 309702156695484562 528537867405729905 465402842
11615478187 8860002121 543490643912696530 698919396725319258 467728202
3578968747 2733670446 286526738871228649 953557258308794853 169931969
22206470899 7059528061 270439673422679759 508418116151167033 893542522
35107560133 24491226795 293193822651935167 525103107192625400 381321202
257886949961 48837800499 468953998611379404 482361797116525539 292675085
236427405127 203767819259 142720704508003486 882824971855636901 53963275
623468075599 268726997596 410448470734044302 991608313705205663 302785119
355211798231 217858586057 361789123764577874 994176072649322932 639370567
140901713077 69358440029 16722318160841480 563885590792431923 648300862
7175591085407 1678058222063 443151421730191406 445433345255615586 637204305
7905640505369 1950778599115 419639677500644264 906480749889085230 244580475
7706736089603 5603865117594 117698912048704147 189085642424251911 31158132
4359531866539 707700488788 300563958676672001 813786103187121028 597773242
3980259691909 1562990387928 462159758824954512 984654664881455934 797207368
20865495627943 1289107732871 795327129100648264 886217461852389423 174425642
65352325378369 49549954991140 575349267275302390 794616004370018330 780410539
62113415947829 29044048945604 376221509362184162 897967060690714960 10321528
21278780041879 2627806144741 709158173788578315 725788744152722633 341408522
44947933906069 13023359845863 61590771409578851 150453270399737044 821859184
152393816096999 59049656474606 33767565607958430 530898083867783714 361165900
910730501113759 202612111947753 448934427814774517 812143056586682592 1988958
743554581331967 690865602342868 432570964129877384 665107540309529552 95314862
288936671163617 70794712930154 443708305174068968 753901366225723022 581376706
634727864718037 133868090000279 791272381651148789 817002349117226830 442398523
8980588561447963 5440917823834971 181287552605427070 567872121407352842 968060307
3878753180126963 3578820309950591 83937459740203699 426352650052674770 86805542
4351545305601817 2674789398754822 140709148421381267 354706292732690831 192072610
1461890832941681 144592040302613 379948066387705436 579421433318995217 157156329
7673926482259831 1610201189520077 480022177832162304 705932195016799922 189441696
97161692746629479 6463781357889712 414209762661723333 456786295845313597 961937223
29974033173856267 5849172343744340 53700387608194211 343681290377617818 880083895
99699060959814143 4824933689744051 139827017091898051 548752404134753866 577305121
54462521457923297 19696795618477351 532809931339021583 883446276545131243 77338560
91021788475316311 51959806693662759 230848276047569392 950365464038813372 789847033
1000000007 354624658 74830105479121459 880286376457692626 797071647
1000000007 532601537 17760464916858290 147839253712677142 718965608
1000000007 977667443 196376746257379231 894977415330247307 62590229
1000000007 345885783 213366606663613863 921638059325017454 942694922
1000000007 355124623 442686655482181034 908765382979888856 571806215
609368618356225517 153306034002681080 321778823861907260 799390952751637817 310022439972136
189851890122381899 6513830017834858 11855243931826747 140874089062769948 108935668678778
438947351254160603 203616264827237424 599297532611035163 740174067786655244 70244810352766
124315258767032987 2592758202478832 162520143956926652 487601047917593174 82758604044377
284022457504342267 131171823751399024 146292871296174720 373540219842149102 115548743949664
93970014522085643 10428008737113858 446995021972546932 486504781496187275 34352047180221
242583326115356383 57413740735153146 365831907136094187 384737143794500315 9477449866986
129307004124115991 52767688121757772 286907889748904232 591686885494554262 74564233240680
562764219430768151 477173368000879607 163893207601742609 274102253785626964 81643764251175
434972505311294243 98767864020283849 66618080492868919 256265221757888074 52447975558936
892399634615094217 57701743656518695 259413326210177787 805789292342631700 50103844822846900
690206027495726681 292947134018769983 334583815381107829 669235558002384887 383881780326527879
294260922420506281 219738696328451038 288723791390383918 754383937203147278 188651707730365614
134011880191148233 107439939519752226 640570813844460068 843435804688573685 24599722668197242
867671074195706533 445918387954755814 608693923485432125 902076782464922338 175161825071369202
80799371691377 786493824557 90337043777250632 362941380638016514 179948089376898664
441810672089145959 323995318135895881 181886795608996830 292977908429044228 138220288528497343
611213751142125493 70790683155258876 404351994067381007 983258503870278699 151662312540364149
600051033894904463 180005261308598094 176716758262744750 734989153228508203 655276333601888065
657114155674424509 577729228679404145 455044086550959553 612603809097638505 177390195757847813
393782295311832157 321386184190556602 25693871859495527 80052669029798090 10728161966477
393782295311832157 247815222942533442 25693871859495527 80052669029798090 10728161966477
393782295311832157 217165710503379940 25693871859495527 80052669029798090 10728161966477
393782295311832157 382595933955425681 25693871859495527 80052669029798090 10728161966477
393782295311832157 98776750139925998 25693871859495527 80052669029798090 10728161966477
393782295311832157 175565035554739048 25693871859495527 80052669029798090 10728161966477
393782295311832157 217968721888905790 25693871859495527 80052669029798090 10728161966477
393782295311832157 47225621321412089 25693871859495527 80052669029798090 10728161966477
393782295311832157 8322409917807863 25693871859495527 80052669029798090 10728161966477
393782295311832157 277651959353891083 25693871859495527 80052669029798090 10728161966477
507334298483788351 4271183283457498 640728267881532326 640728267881532455 175
731370498228134707 337718488437428421 918343556656163224 918343556656164034 92
274393986016545779 140551328063527166 289668195650911538 289668195650912269 633
563961675720432919 86865449335231874 772672442450401302 772672442450401879 866
147297284063304379 41389334530391744 387315798666937934 387315798666938234 446
581970971004088507 274892681420475744 467787025252555457 467787025252556304 642
114196224809612579 41754101940491845 418619649180336694 418619649180337278 735
487872266050101319 57136095897916027 377311513914159137 377311513914159417 291
268189136337265573 70736576977143418 875455779706947963 875455779706948130 290
876758484748184471 26098890119895898 732358368639494167 732358368639494840 1000
8003968042860173 901886421336355 53144994120918318 553343262123150425 24011904128580516
31866226684714049 21343305245102828 80090691552757888 576563426480262342 254929813477712384
93816316416382283 39462995332288434 70345545818309094 424458924929711597 469081582081911410
87685245718122443 29269364386484943 95009753237623997 448260778775029601 613796720026857094
8667656083173089 1567058184282128 52781968758060415 510581137026285264 52005936499038528
90341112360894509 25025721393712562 37199372564476867 77874368881381900 722728898887156064
79150598894005931 47342937647007177 82446306975222959 279016319344724188 554054192258041510
3759220759724377 224846492930657 74263721144428424 407432270745694763 30073766077795008
38642254322327561 21647985482297398 26874687285674608 168216774148275364 270495780256292920
94940846876498011 55823974726171872 89012057339168881 153795013648547493 189881693752996020
39230382663717571 7869889050775286 498655216608066230 672619247609416443 39230382663717570
39230382663717571 19804398946630203 361458201644826836 675301263109367128 1108210296
39230382663717571 7995766037406388 709807394051856342 788268159539780939 566396220
39230382663717571 23125601196732398 808740053058295795 887200818382937212 37759748
39230382663717571 23807726323402077 154058428228801362 467901489745990194 679675464
96825689270470151 25229786086188492 303891287246131110 590576871043764780 11619082712456418
96825689270470151 84810412379692774 71922584633893977 943353790140955943 2469732102
96825689270470151 36781946325679281 80061163955097382 951492367389328744 18
96825689270470151 45558082961342341 28172838762057472 512301285347121067 352844425
96825689270470151 73106331952855530 363301335000146010 563430671850683533 871431203434231350
48923310047441321 35018970413942666 535944710744527575 731638003161605681 52699662460
48923310047441321 5202833485393618 478376623768742084 967609726119346667 7268918960
48923310047441321 20940527899229168 247915905675102031 541455765959749701 3480
48923310047441321 7610141502067076 347388267711747359 494158198689034951 1090337844
48923310047441321 40588062746867915 610060393268970084 854339245782677687 6115413755930165
0 0 0 0 0
