20
500000 23333 11251 56156
500000 26383 45745 78978
500000 12551 54745 23333
500000 93129 12574 21645
500000 99999 83442 87542
500000 21512 93452 12415
500000 52156 46534 93215
500000 77777 21242 89232
500000 88888 54564 35682
500000 33333 21456 78974
500000 23333 11251 56156
500000 26383 45745 78978
500000 12551 54745 23337
500000 93129 12574 21648
500000 99999 83442 87549
500000 21512 93452 12410
500000 52156 46534 93211
500000 77777 21242 89232
500000 88888 54564 35683
500000 33333 21456 78975