11
100
69 9 83 14 33 77 33 44 32 16 36 69 92 15 97 62 86 57 14 28 3 85 52 40 43 25 96 22 97 98 72 86 91 83 79 62 36 56 43 46 83 100 2 88 91 11 1 55 11 19 79 86 25 85 18 73 22 23 81 96 92 1 90 19 18 48 56 24 54 12 11 31 92 17 39 42 99 1 63 97 30 49 31 90 85 63 11 40 68 77 33 29 79 89 45 8 42 12 20 12
100
31 97 79 10 82 28 92 89 4 18 73 4 51 18 80 100 68 88 32 90 30 93 89 43 67 40 45 90 85 44 89 98 54 5 14 69 63 87 89 40 29 73 57 63 37 22 88 91 34 82 83 71 84 43 66 40 99 33 94 69 21 39 97 65 20 78 19 22 7 44 7 90 11 90 70 100 9 26 61 65 10 8 69 71 61 21 30 9 1 100 1 21 82 25 63 59 29 35 28 26
100
39 11 100 24 89 69 32 37 78 17 61 36 5 6 54 13 82 21 67 94 30 46 68 21 29 19 82 70 24 41 8 73 79 26 14 46 48 23 98 75 49 11 59 77 98 97 7 91 27 63 39 27 24 58 100 54 42 36 8 15 21 35 59 23 66 23 67 43 8 43 22 9 81 89 79 44 42 12 90 99 67 25 28 88 59 64 98 37 24 20 100 58 45 73 45 8 33 66 1 61
100
100 98 55 13 91 90 57 81 64 91 37 70 26 21 97 80 18 5 64 56 7 7 6 22 60 20 62 27 3 9 35 94 92 67 81 89 86 82 49 83 33 59 42 8 93 87 57 60 26 36 32 35 77 30 54 13 37 50 74 85 21 6 73 59 65 42 85 15 67 61 91 4 25 11 3 16 76 21 38 36 47 17 69 36 75 48 20 89 57 53 41 90 26 4 67 24 3 27 81 100
100
54 52 67 10 55 59 78 72 38 85 47 72 51 29 70 21 72 86 100 99 71 29 59 18 79 76 16 77 65 3 82 95 94 74 45 58 80 24 97 18 72 34 44 48 21 87 69 91 26 22 66 7 8 53 53 49 32 25 74 62 84 97 36 51 92 8 9 23 63 73 83 71 89 85 5 99 75 59 93 82 17 6 79 32 68 49 81 98 60 15 36 38 99 78 24 23 39 28 56 3
100
76 50 28 83 62 49 50 15 42 90 6 34 86 42 9 48 58 49 1 86 96 6 19 22 59 96 88 1 24 40 68 12 33 11 88 6 86 66 87 2 53 30 68 23 65 65 46 45 26 66 35 70 31 19 85 46 52 45 6 47 86 40 74 20 16 25 87 99 47 4 4 89 53 82 71 60 73 35 60 36 66 23 73 39 46 1 47 34 73 97 52 57 94 22 55 13 53 35 13 55
100
86 60 70 55 57 23 7 63 87 12 72 85 71 20 1 60 12 97 33 90 58 34 4 33 36 8 70 67 13 2 18 7 5 57 39 2 54 75 68 82 78 13 19 12 80 6 41 28 58 77 20 77 85 54 32 46 59 14 62 12 68 57 90 52 28 47 12 84 7 73 78 74 71 52 84 21 70 36 44 78 72 75 34 8 3 92 46 99 3 50 25 58 33 48 14 29 2 79 6 42
100
89 93 57 62 49 72 66 35 28 14 93 51 29 19 85 83 71 37 17 73 61 22 34 11 65 35 72 77 68 92 19 100 12 96 62 76 21 74 83 99 44 20 74 19 29 63 27 22 55 16 13 12 89 97 44 21 27 19 81 71 21 58 69 74 59 13 11 46 51 56 66 9 86 79 2 62 33 93 2 33 91 69 6 32 95 4 29 97 88 47 58 92 14 42 18 28 91 93 58 73
100
26 45 27 85 96 94 25 27 21 89 64 71 96 17 96 52 77 66 44 66 91 47 81 56 59 35 80 49 75 26 53 29 58 62 98 94 51 82 55 64 33 21 51 54 54 54 19 97 98 35 93 74 57 56 100 83 23 93 50 10 52 82 82 54 21 22 23 94 77 34 40 27 31 27 50 44 96 59 7 24 36 55 60 55 78 89 89 25 31 65 72 3 1 40 23 24 72 1 62 95
100
2 22 24 41 38 2 29 62 86 81 60 27 31 71 17 94 85 38 30 77 66 93 38 40 47 29 30 54 30 71 59 94 62 62 52 98 64 39 4 12 6 54 42 6 13 50 13 99 50 44 98 32 1 52 60 53 86 16 14 61 69 1 38 39 100 47 30 30 9 89 79 85 65 53 82 63 35 89 14 94 58 53 1 90 67 7 26 93 85 17 87 29 21 82 8 98 32 84 3 100
200
200 200 200 200 200 200 200 200 200 200 200 200 200 200 200 200 200 200 200 200 200 200 200 200 200 200 200 200 200 200 200 200 200 200 200 200 200 200 200 200 200 200 200 200 200 200 200 200 200 200 200 200 200 200 200 200 200 200 200 200 200 200 200 200 200 200 200 200 200 200 200 200 200 200 200 200 200 200 200 200 200 200 200 200 200 200 200 200 200 200 200 200 200 200 200 200 200 200 200 200 200 200 200 200 200 200 200 200 200 200 200 200 200 200 200 200 200 200 200 200 200 200 200 200 200 200 200 200 200 200 200 200 200 200 200 200 200 200 200 200 200 200 200 200 200 200 200 200 200 200 200 200 200 200 200 200 200 200 200 200 200 200 200 200 200 200 200 200 200 200 200 200 200 200 200 200 200 200 200 200 200 200 200 200 200 200 200 200 200 200 200 200 200 200 200 200 200 200 200 200
