30
1 1
5
5
2 2
0 10
0 10
2 2
2 2
2 2
2 2
18 17
17 18
2 2
12 12
12 12
500 500
0 0 0 0 0 0 0 0 0 0 0 0 0 0 0 0 0 0 0 0 0 0 0 0 0 0 0 0 0 0 0 0 0 0 0 0 0 0 0 0 0 0 0 0 0 0 0 0 0 0 0 0 0 0 0 0 0 0 0 0 0 0 0 0 0 0 0 0 0 0 0 0 0 0 0 0 0 0 0 0 0 0 0 0 0 0 0 0 0 0 0 0 0 0 0 0 0 0 0 0 0 0 0 0 0 0 0 0 0 0 0 0 0 0 0 0 0 0 0 0 0 0 0 0 0 0 0 0 0 0 0 0 0 0 0 0 0 0 0 0 0 0 0 0 0 0 0 0 0 0 0 0 0 0 0 0 0 0 0 0 0 0 0 0 0 0 0 0 0 0 0 0 0 0 0 0 0 0 0 0 0 0 0 0 0 0 0 0 0 0 0 0 0 0 0 0 0 0 0 0 0 0 0 0 0 0 0 0 0 0 0 0 0 0 0 0 0 0 0 0 0 0 0 0 0 0 0 0 0 0 0 0 0 0 0 0 0 0 0 0 0 0 0 0 0 0 0 0 0 0 0 0 0 0 0 0 0 0 0 0 0 0 0 0 0 0 0 0 0 0 0 0 0 0 0 0 0 0 0 0 0 0 0 0 0 0 0 0 0 0 0 0 0 0 0 0 0 0 0 0 0 0 0 0 0 0 0 0 0 0 0 0 0 0 0 0 0 0 0 0 0 0 0 0 0 0 0 0 0 0 0 0 0 0 0 0 0 0 0 0 0 0 0 0 0 0 0 0 0 0 0 0 0 0 0 0 0 0 0 0 0 0 0 0 0 0 0 0 0 0 0 0 0 0 0 0 0 0 0 0 0 0 0 0 0 0 0 0 0 0 0 0 0 0 0 0 0 0 0 0 0 0 0 0 0 0 0 0 0 0 0 0 0 0 0 0 0 0 0 0 0 0 0 0 0 0 0 0 0 0 0 0 0 0 0 0 0 0 0 0 0 0 0 0 0 0 0 0 0 0 0 0 0 0 0 0 0 0 0 0 0 0 0 0 0 0 0 0 0 0 0 0 0 0 0 0 0 0 0 0 0 0 0 0 0 0 0 0 0 0 0 0 0 0 0 0 0 0 0 0 
0 0 0 0 0 0 0 0 0 0 0 0 0 0 0 0 0 0 0 0 0 0 0 0 0 0 0 0 0 0 0 0 0 0 0 0 0 0 0 0 0 0 0 0 0 0 0 0 0 0 0 0 0 0 0 0 0 0 0 0 0 0 0 0 0 0 0 0 0 0 0 0 0 0 0 0 0 0 0 0 0 0 0 0 0 0 0 0 0 0 0 0 0 0 0 0 0 0 0 0 0 0 0 0 0 0 0 0 0 0 0 0 0 0 0 0 0 0 0 0 0 0 0 0 0 0 0 0 0 0 0 0 0 0 0 0 0 0 0 0 0 0 0 0 0 0 0 0 0 0 0 0 0 0 0 0 0 0 0 0 0 0 0 0 0 0 0 0 0 0 0 0 0 0 0 0 0 0 0 0 0 0 0 0 0 0 0 0 0 0 0 0 0 0 0 0 0 0 0 0 0 0 0 0 0 0 0 0 0 0 0 0 0 0 0 0 0 0 0 0 0 0 0 0 0 0 0 0 0 0 0 0 0 0 0 0 0 0 0 0 0 0 0 0 0 0 0 0 0 0 0 0 0 0 0 0 0 0 0 0 0 0 0 0 0 0 0 0 0 0 0 0 0 0 0 0 0 0 0 0 0 0 0 0 0 0 0 0 0 0 0 0 0 0 0 0 0 0 0 0 0 0 0 0 0 0 0 0 0 0 0 0 0 0 0 0 0 0 0 0 0 0 0 0 0 0 0 0 0 0 0 0 0 0 0 0 0 0 0 0 0 0 0 0 0 0 0 0 0 0 0 0 0 0 0 0 0 0 0 0 0 0 0 0 0 0 0 0 0 0 0 0 0 0 0 0 0 0 0 0 0 0 0 0 0 0 0 0 0 0 0 0 0 0 0 0 0 0 0 0 0 0 0 0 0 0 0 0 0 0 0 0 0 0 0 0 0 0 0 0 0 0 0 0 0 0 0 0 0 0 0 0 0 0 0 0 0 0 0 0 0 0 0 0 0 0 0 0 0 0 0 0 0 0 0 0 0 0 0 0 0 0 0 0 0 0 0 0 0 0 0 0 0 0 0 0 0 0 0 0 0 0 0 0 0 0 0 0 0 0 0 0 0 0 0 0 0 0 0 0 
500 500
4500 4500 4500 4500 4500 4500 4500 4500 4500 4500 4500 4500 4500 4500 4500 4500 4500 4500 4500 4500 4500 4500 4500 4500 4500 4500 4500 4500 4500 4500 4500 4500 4500 4500 4500 4500 4500 4500 4500 4500 4500 4500 4500 4500 4500 4500 4500 4500 4500 4500 4500 4500 4500 4500 4500 4500 4500 4500 4500 4500 4500 4500 4500 4500 4500 4500 4500 4500 4500 4500 4500 4500 4500 4500 4500 4500 4500 4500 4500 4500 4500 4500 4500 4500 4500 4500 4500 4500 4500 4500 4500 4500 4500 4500 4500 4500 4500 4500 4500 4500 4500 4500 4500 4500 4500 4500 4500 4500 4500 4500 4500 4500 4500 4500 4500 4500 4500 4500 4500 4500 4500 4500 4500 4500 4500 4500 4500 4500 4500 4500 4500 4500 4500 4500 4500 4500 4500 4500 4500 4500 4500 4500 4500 4500 4500 4500 4500 4500 4500 4500 4500 4500 4500 4500 4500 4500 4500 4500 4500 4500 4500 4500 4500 4500 4500 4500 4500 4500 4500 4500 4500 4500 4500 4500 4500 4500 4500 4500 4500 4500 4500 4500 4500 4500 4500 4500 4500 4500 4500 4500 4500 4500 4500 4500 4500 4500 4500 4500 4500 4500 4500 4500 4500 4500 4500 4500 4500 4500 4500 4500 4500 4500 4500 4500 4500 4500 4500 4500 4500 4500 4500 4500 4500 4500 4500 4500 4500 4500 4500 4500 4500 4500 4500 4500 4500 4500 4500 4500 4500 4500 4500 4500 4500 4500 4500 4500 4500 4500 4500 4500 4500 4500 4500 4500 4500 4500 4500 4500 4500 4500 4500 4500 4500 4500 4500 4500 4500 4500 4500 4500 4500 4500 4500 4500 4500 4500 4500 4500 4500 4500 4500 4500 4500 4500 4500 4500 4500 4500 4500 4500 4500 4500 4500 4500 4500 4500 4500 4500 4500 4500 4500 4500 4500 4500 4500 4500 4500 4500 4500 4500 4500 4500 4500 4500 4500 4500 4500 4500 4500 4500 4500 4500 4500 4500 4500 4500 4500 4500 4500 4500 4500 4500 4500 4500 4500 4500 4500 4500 4500 4500 4500 4500 4500 4500 4500 4500 4500 4500 4500 4500 4500 4500 4500 4500 4500 4500 4500 4500 4500 4500 4500 4500 4500 4500 4500 4500 4500 4500 4500 4500 4500 4500 4500 4500 4500 4500 4500 4500 4500 4500 4500 4500 4500 4500 4500 4500 4500 4500 4500 4500 4500 4500 4500 4500 4500 4500 4500 4500 4500 4500 4500 4500 4500 4500 4500 4500 4500 4500 4500 4500 4500 4500 4500 4500 4500 4500 4500 4500 4500 4500 4500 4500 4500 4500 4500 4500 4500 4500 4500 4500 4500 4500 4500 4500 4500 4500 4500 4500 4500 4500 4500 4500 4500 4500 4500 4500 4500 4500 4500 4500 4500 4500 4500 4500 4500 4500 4500 4500 4500 4500 4500 4500 4500 4500 4500 4500 4500 4500 4500 4500 4500 4500 4500 4500 4500 4500 4500 4500 4500 4500 4500 4500 4500 4500 4500 4500 4500 4500 4500 4500 4500 4500 4500 4500 4500 4500 4500 4500 4500 4500 
4500 4500 4500 4500 4500 4500 4500 4500 4500 4500 4500 4500 4500 4500 4500 4500 4500 4500 4500 4500 4500 4500 4500 4500 4500 4500 4500 4500 4500 4500 4500 4500 4500 4500 4500 4500 4500 4500 4500 4500 4500 4500 4500 4500 4500 4500 4500 4500 4500 4500 4500 4500 4500 4500 4500 4500 4500 4500 4500 4500 4500 4500 4500 4500 4500 4500 4500 4500 4500 4500 4500 4500 4500 4500 4500 4500 4500 4500 4500 4500 4500 4500 4500 4500 4500 4500 4500 4500 4500 4500 4500 4500 4500 4500 4500 4500 4500 4500 4500 4500 4500 4500 4500 4500 4500 4500 4500 4500 4500 4500 4500 4500 4500 4500 4500 4500 4500 4500 4500 4500 4500 4500 4500 4500 4500 4500 4500 4500 4500 4500 4500 4500 4500 4500 4500 4500 4500 4500 4500 4500 4500 4500 4500 4500 4500 4500 4500 4500 4500 4500 4500 4500 4500 4500 4500 4500 4500 4500 4500 4500 4500 4500 4500 4500 4500 4500 4500 4500 4500 4500 4500 4500 4500 4500 4500 4500 4500 4500 4500 4500 4500 4500 4500 4500 4500 4500 4500 4500 4500 4500 4500 4500 4500 4500 4500 4500 4500 4500 4500 4500 4500 4500 4500 4500 4500 4500 4500 4500 4500 4500 4500 4500 4500 4500 4500 4500 4500 4500 4500 4500 4500 4500 4500 4500 4500 4500 4500 4500 4500 4500 4500 4500 4500 4500 4500 4500 4500 4500 4500 4500 4500 4500 4500 4500 4500 4500 4500 4500 4500 4500 4500 4500 4500 4500 4500 4500 4500 4500 4500 4500 4500 4500 4500 4500 4500 4500 4500 4500 4500 4500 4500 4500 4500 4500 4500 4500 4500 4500 4500 4500 4500 4500 4500 4500 4500 4500 4500 4500 4500 4500 4500 4500 4500 4500 4500 4500 4500 4500 4500 4500 4500 4500 4500 4500 4500 4500 4500 4500 4500 4500 4500 4500 4500 4500 4500 4500 4500 4500 4500 4500 4500 4500 4500 4500 4500 4500 4500 4500 4500 4500 4500 4500 4500 4500 4500 4500 4500 4500 4500 4500 4500 4500 4500 4500 4500 4500 4500 4500 4500 4500 4500 4500 4500 4500 4500 4500 4500 4500 4500 4500 4500 4500 4500 4500 4500 4500 4500 4500 4500 4500 4500 4500 4500 4500 4500 4500 4500 4500 4500 4500 4500 4500 4500 4500 4500 4500 4500 4500 4500 4500 4500 4500 4500 4500 4500 4500 4500 4500 4500 4500 4500 4500 4500 4500 4500 4500 4500 4500 4500 4500 4500 4500 4500 4500 4500 4500 4500 4500 4500 4500 4500 4500 4500 4500 4500 4500 4500 4500 4500 4500 4500 4500 4500 4500 4500 4500 4500 4500 4500 4500 4500 4500 4500 4500 4500 4500 4500 4500 4500 4500 4500 4500 4500 4500 4500 4500 4500 4500 4500 4500 4500 4500 4500 4500 4500 4500 4500 4500 4500 4500 4500 4500 4500 4500 4500 4500 4500 4500 4500 4500 4500 4500 4500 4500 4500 4500 4500 4500 4500 4500 4500 4500 4500 4500 4500 4500 4500 4500 4500 4500 
367 378
1701 1701 1701 1701 1701 1701 1701 1701 1701 1701 1701 1701 1701 1701 1701 1701 1701 1701 1701 1701 1701 1701 1701 1701 1701 1701 1701 1701 1701 1701 1701 1701 1701 1701 1701 1701 1701 1701 1701 1701 1701 1701 1701 1701 1701 1701 1701 1701 1701 1701 1701 1701 1701 1701 1701 1701 1701 1701 1701 1701 1701 1701 1701 1701 1701 1701 1701 1701 1701 1701 1701 1701 1701 1701 1701 1701 1701 1701 1701 1701 1701 1701 1701 1701 1701 1701 1701 1701 1701 1701 1701 1701 1701 1701 1701 1701 1701 1701 1701 1701 1701 1701 1701 1701 1701 1701 1701 1701 1701 1701 1701 1701 1701 1701 1701 1701 1701 1701 1701 1701 1701 1701 1701 1701 1701 1701 1701 1701 1701 1701 1701 1701 1701 1701 1701 1701 1701 1701 1701 1701 1701 1701 1701 1701 1701 1701 1701 1701 1701 1701 1701 1701 1701 1701 1701 1701 1701 1701 1701 1701 1701 1701 1701 1701 1701 1701 1701 1701 1701 1701 1701 1701 1701 1701 1701 1701 1701 1701 1701 1701 1701 1701 1701 1701 1701 1701 1701 1701 1701 1701 1701 1701 1701 1701 1701 1701 1701 1701 1701 1701 1701 1701 1701 1701 1701 1701 1701 1701 1701 1701 1701 1701 1701 1701 1701 1701 1701 1701 1701 1701 1701 1701 1701 1701 1701 1701 1701 1701 1701 1701 1701 1701 1701 1701 1701 1701 1701 1701 1701 1701 1701 1701 1701 1701 1701 1701 1701 1701 1701 1701 1701 1701 1701 1701 1701 1701 1701 1701 1701 1701 1701 1701 1701 1701 1701 1701 1701 1701 1701 1701 1701 1701 1701 1701 1701 1701 1701 1701 1701 1701 1701 1701 1701 1701 1701 1701 1701 1701 1701 1701 1701 1701 1701 1701 1701 1701 1701 1701 1701 1701 1701 1701 1701 1701 1701 1701 1701 1701 1701 1701 1701 1701 1701 1701 1701 1701 1701 1701 1701 1701 1701 1701 1701 1701 1701 1701 1701 1701 1701 1701 1701 1701 1701 1701 1701 1701 1701 1701 1701 1701 1701 1701 1701 1701 1701 1701 1701 1701 1701 1701 1701 1701 1701 1701 1701 1701 1701 1701 1701 1701 1701 1701 1701 1701 1701 1701 1701 
0 3303 0 3303 0 3303 0 3303 0 3303 0 3303 0 3303 0 3303 0 3303 0 3303 0 3303 0 3303 0 3303 0 3303 0 3303 0 3303 0 3303 0 3303 0 3303 0 3303 0 3303 0 3303 0 3303 0 3303 0 3303 0 3303 0 3303 0 3303 0 3303 0 3303 0 3303 0 3303 0 3303 0 3303 0 3303 0 3303 0 3303 0 3303 0 3303 0 3303 0 3303 0 3303 0 3303 0 3303 0 3303 0 3303 0 3303 0 3303 0 3303 0 3303 0 3303 0 3303 0 3303 0 3303 0 3303 0 3303 0 3303 0 3303 0 3303 0 3303 0 3303 0 3303 0 3303 0 3303 0 3303 0 3303 0 3303 0 3303 0 3303 0 3303 0 3303 0 3303 0 3303 0 3303 0 3303 0 3303 0 3303 0 3303 0 3303 0 3303 0 3303 0 3303 0 3303 0 3303 0 3303 0 3303 0 3303 0 3303 0 3303 0 3303 0 3303 0 3303 0 3303 0 3303 0 3303 0 3303 0 3303 0 3303 0 3303 0 3303 0 3303 0 3303 0 3303 0 3303 0 3303 0 3303 0 3303 0 3303 0 3303 0 3303 0 3303 0 3303 0 3303 0 3303 0 3303 0 3303 0 3303 0 3303 0 3303 0 3303 0 3303 0 3303 0 3303 0 3303 0 3303 0 3303 0 3303 0 3303 0 3303 0 3303 0 3303 0 3303 0 3303 0 3303 0 3303 0 3303 0 3303 0 3303 0 3303 0 3303 0 3303 0 3303 0 3303 0 3303 0 3303 0 3303 0 3303 0 3303 0 3303 0 3303 0 3303 0 3303 0 3303 0 3303 0 3303 0 3303 0 3303 0 3303 0 3303 0 3303 0 3303 0 3303 0 3303 0 3303 0 3303 0 3303 0 3303 0 3303 0 3303 0 3303 0 3303 0 3303 0 3303 0 3303 0 3303 0 3303 0 3303 0 3303 0 3303 0 3303 0 3303 0 3303 0 3303 0 3303 0 3303 0 3303 0 3303 0 3303 0 3303 
420 482
2169 2169 2169 2169 2169 2169 2169 2169 2169 2169 2169 2169 2169 2169 2169 2169 2169 2169 2169 2169 2169 2169 2169 2169 2169 2169 2169 2169 2169 2169 2169 2169 2169 2169 2169 2169 2169 2169 2169 2169 2169 2169 2169 2169 2169 2169 2169 2169 2169 2169 2169 2169 2169 2169 2169 2169 2169 2169 2169 2169 2169 2169 2169 2169 2169 2169 2169 2169 2169 2169 2169 2169 2169 2169 2169 2169 2169 2169 2169 2169 2169 2169 2169 2169 2169 2169 2169 2169 2169 2169 2169 2169 2169 2169 2169 2169 2169 2169 2169 2169 2169 2169 2169 2169 2169 2169 2169 2169 2169 2169 2169 2169 2169 2169 2169 2169 2169 2169 2169 2169 2169 2169 2169 2169 2169 2169 2169 2169 2169 2169 2169 2169 2169 2169 2169 2169 2169 2169 2169 2169 2169 2169 2169 2169 2169 2169 2169 2169 2169 2169 2169 2169 2169 2169 2169 2169 2169 2169 2169 2169 2169 2169 2169 2169 2169 2169 2169 2169 2169 2169 2169 2169 2169 2169 2169 2169 2169 2169 2169 2169 2169 2169 2169 2169 2169 2169 2169 2169 2169 2169 2169 2169 2169 2169 2169 2169 2169 2169 2169 2169 2169 2169 2169 2169 2169 2169 2169 2169 2169 2169 2169 2169 2169 2169 2169 2169 2169 2169 2169 2169 2169 2169 2169 2169 2169 2169 2169 2169 2169 2169 2169 2169 2169 2169 2169 2169 2169 2169 2169 2169 2169 2169 2169 2169 2169 2169 2169 2169 2169 2169 2169 2169 2169 2169 2169 2169 2169 2169 2169 2169 2169 2169 2169 2169 2169 2169 2169 2169 2169 2169 2169 2169 2169 2169 2169 2169 2169 2169 2169 2169 2169 2169 2169 2169 2169 2169 2169 2169 2169 2169 2169 2169 2169 2169 2169 2169 2169 2169 2169 2169 2169 2169 2169 2169 2169 2169 2169 2169 2169 2169 2169 2169 2169 2169 2169 2169 2169 2169 2169 2169 2169 2169 2169 2169 2169 2169 2169 2169 2169 2169 2169 2169 2169 2169 2169 2169 2169 2169 2169 2169 2169 2169 2169 2169 2169 2169 2169 2169 2169 2169 2169 2169 2169 2169 2169 2169 2169 2169 2169 2169 2169 2169 2169 2169 2169 2169 2169 2169 2169 2169 2169 2169 2169 2169 2169 2169 2169 2169 2169 2169 2169 2169 2169 2169 2169 2169 2169 2169 2169 2169 2169 2169 2169 2169 2169 2169 2169 2169 2169 2169 2169 2169 2169 2169 2169 2169 2169 2169 2169 2169 2169 2169 2169 2169 2169 2169 2169 2169 2169 2169 
0 3780 0 3780 0 3780 0 3780 0 3780 0 3780 0 3780 0 3780 0 3780 0 3780 0 3780 0 3780 0 3780 0 3780 0 3780 0 3780 0 3780 0 3780 0 3780 0 3780 0 3780 0 3780 0 3780 0 3780 0 3780 0 3780 0 3780 0 3780 0 3780 0 3780 0 3780 0 3780 0 3780 0 3780 0 3780 0 3780 0 3780 0 3780 0 3780 0 3780 0 3780 0 3780 0 3780 0 3780 0 3780 0 3780 0 3780 0 3780 0 3780 0 3780 0 3780 0 3780 0 3780 0 3780 0 3780 0 3780 0 3780 0 3780 0 3780 0 3780 0 3780 0 3780 0 3780 0 3780 0 3780 0 3780 0 3780 0 3780 0 3780 0 3780 0 3780 0 3780 0 3780 0 3780 0 3780 0 3780 0 3780 0 3780 0 3780 0 3780 0 3780 0 3780 0 3780 0 3780 0 3780 0 3780 0 3780 0 3780 0 3780 0 3780 0 3780 0 3780 0 3780 0 3780 0 3780 0 3780 0 3780 0 3780 0 3780 0 3780 0 3780 0 3780 0 3780 0 3780 0 3780 0 3780 0 3780 0 3780 0 3780 0 3780 0 3780 0 3780 0 3780 0 3780 0 3780 0 3780 0 3780 0 3780 0 3780 0 3780 0 3780 0 3780 0 3780 0 3780 0 3780 0 3780 0 3780 0 3780 0 3780 0 3780 0 3780 0 3780 0 3780 0 3780 0 3780 0 3780 0 3780 0 3780 0 3780 0 3780 0 3780 0 3780 0 3780 0 3780 0 3780 0 3780 0 3780 0 3780 0 3780 0 3780 0 3780 0 3780 0 3780 0 3780 0 3780 0 3780 0 3780 0 3780 0 3780 0 3780 0 3780 0 3780 0 3780 0 3780 0 3780 0 3780 0 3780 0 3780 0 3780 0 3780 0 3780 0 3780 0 3780 0 3780 0 3780 0 3780 0 3780 0 3780 0 3780 0 3780 0 3780 0 3780 0 3780 0 3780 0 3780 0 3780 0 3780 0 3780 0 3780 0 3780 0 3780 0 3780 0 3780 0 3780 0 3780 0 3780 0 3780 0 3780 0 3780 0 3780 0 3780 0 3780 0 3780 0 3780 0 3780 0 3780 0 3780 0 3780 0 3780 0 3780 0 3780 0 3780 0 3780 0 3780 0 3780 0 3780 0 3780 0 3780 0 3780 0 3780 0 3780 0 3780 0 3780 0 3780 0 3780 0 3780 0 3780 0 3780 0 3780 0 3780 0 3780 0 3780 0 3780 0 3780 0 3780 0 3780 0 3780 0 3780 0 3780 0 3780 0 3780 
459 462
2079 2079 2079 2079 2079 2079 2079 2079 2079 2079 2079 2079 2079 2079 2079 2079 2079 2079 2079 2079 2079 2079 2079 2079 2079 2079 2079 2079 2079 2079 2079 2079 2079 2079 2079 2079 2079 2079 2079 2079 2079 2079 2079 2079 2079 2079 2079 2079 2079 2079 2079 2079 2079 2079 2079 2079 2079 2079 2079 2079 2079 2079 2079 2079 2079 2079 2079 2079 2079 2079 2079 2079 2079 2079 2079 2079 2079 2079 2079 2079 2079 2079 2079 2079 2079 2079 2079 2079 2079 2079 2079 2079 2079 2079 2079 2079 2079 2079 2079 2079 2079 2079 2079 2079 2079 2079 2079 2079 2079 2079 2079 2079 2079 2079 2079 2079 2079 2079 2079 2079 2079 2079 2079 2079 2079 2079 2079 2079 2079 2079 2079 2079 2079 2079 2079 2079 2079 2079 2079 2079 2079 2079 2079 2079 2079 2079 2079 2079 2079 2079 2079 2079 2079 2079 2079 2079 2079 2079 2079 2079 2079 2079 2079 2079 2079 2079 2079 2079 2079 2079 2079 2079 2079 2079 2079 2079 2079 2079 2079 2079 2079 2079 2079 2079 2079 2079 2079 2079 2079 2079 2079 2079 2079 2079 2079 2079 2079 2079 2079 2079 2079 2079 2079 2079 2079 2079 2079 2079 2079 2079 2079 2079 2079 2079 2079 2079 2079 2079 2079 2079 2079 2079 2079 2079 2079 2079 2079 2079 2079 2079 2079 2079 2079 2079 2079 2079 2079 2079 2079 2079 2079 2079 2079 2079 2079 2079 2079 2079 2079 2079 2079 2079 2079 2079 2079 2079 2079 2079 2079 2079 2079 2079 2079 2079 2079 2079 2079 2079 2079 2079 2079 2079 2079 2079 2079 2079 2079 2079 2079 2079 2079 2079 2079 2079 2079 2079 2079 2079 2079 2079 2079 2079 2079 2079 2079 2079 2079 2079 2079 2079 2079 2079 2079 2079 2079 2079 2079 2079 2079 2079 2079 2079 2079 2079 2079 2079 2079 2079 2079 2079 2079 2079 2079 2079 2079 2079 2079 2079 2079 2079 2079 2079 2079 2079 2079 2079 2079 2079 2079 2079 2079 2079 2079 2079 2079 2079 2079 2079 2079 2079 2079 2079 2079 2079 2079 2079 2079 2079 2079 2079 2079 2079 2079 2079 2079 2079 2079 2079 2079 2079 2079 2079 2079 2079 2079 2079 2079 2079 2079 2079 2079 2079 2079 2079 2079 2079 2079 2079 2079 2079 2079 2079 2079 2079 2079 2079 2079 2079 2079 2079 2079 2079 2079 2079 2079 2079 2079 2079 2079 2079 2079 2079 2079 2079 2079 2079 2079 2079 2079 2079 2079 2079 2079 2079 2079 2079 2079 2079 2079 2079 2079 2079 2079 2079 2079 2079 2079 2079 2079 2079 2079 2079 2079 2079 2079 2079 2079 2079 2079 2079 2079 2079 2079 2079 2079 2079 2079 2079 2079 
0 4131 0 4131 0 4131 0 4131 0 4131 0 4131 0 4131 0 4131 0 4131 0 4131 0 4131 0 4131 0 4131 0 4131 0 4131 0 4131 0 4131 0 4131 0 4131 0 4131 0 4131 0 4131 0 4131 0 4131 0 4131 0 4131 0 4131 0 4131 0 4131 0 4131 0 4131 0 4131 0 4131 0 4131 0 4131 0 4131 0 4131 0 4131 0 4131 0 4131 0 4131 0 4131 0 4131 0 4131 0 4131 0 4131 0 4131 0 4131 0 4131 0 4131 0 4131 0 4131 0 4131 0 4131 0 4131 0 4131 0 4131 0 4131 0 4131 0 4131 0 4131 0 4131 0 4131 0 4131 0 4131 0 4131 0 4131 0 4131 0 4131 0 4131 0 4131 0 4131 0 4131 0 4131 0 4131 0 4131 0 4131 0 4131 0 4131 0 4131 0 4131 0 4131 0 4131 0 4131 0 4131 0 4131 0 4131 0 4131 0 4131 0 4131 0 4131 0 4131 0 4131 0 4131 0 4131 0 4131 0 4131 0 4131 0 4131 0 4131 0 4131 0 4131 0 4131 0 4131 0 4131 0 4131 0 4131 0 4131 0 4131 0 4131 0 4131 0 4131 0 4131 0 4131 0 4131 0 4131 0 4131 0 4131 0 4131 0 4131 0 4131 0 4131 0 4131 0 4131 0 4131 0 4131 0 4131 0 4131 0 4131 0 4131 0 4131 0 4131 0 4131 0 4131 0 4131 0 4131 0 4131 0 4131 0 4131 0 4131 0 4131 0 4131 0 4131 0 4131 0 4131 0 4131 0 4131 0 4131 0 4131 0 4131 0 4131 0 4131 0 4131 0 4131 0 4131 0 4131 0 4131 0 4131 0 4131 0 4131 0 4131 0 4131 0 4131 0 4131 0 4131 0 4131 0 4131 0 4131 0 4131 0 4131 0 4131 0 4131 0 4131 0 4131 0 4131 0 4131 0 4131 0 4131 0 4131 0 4131 0 4131 0 4131 0 4131 0 4131 0 4131 0 4131 0 4131 0 4131 0 4131 0 4131 0 4131 0 4131 0 4131 0 4131 0 4131 0 4131 0 4131 0 4131 0 4131 0 4131 0 4131 0 4131 0 4131 0 4131 0 4131 0 4131 0 4131 0 4131 0 4131 0 4131 0 4131 0 4131 0 4131 0 4131 0 4131 0 4131 0 4131 0 4131 0 4131 0 4131 0 4131 0 4131 0 4131 0 4131 0 4131 0 4131 0 4131 0 4131 0 4131 0 4131 0 4131 
9 9
36 36 36 36 36 36 36 36 36 
0 81 0 81 0 81 0 81 0 
18 18
81 81 81 81 81 81 81 81 81 81 81 81 81 81 81 81 81 81 
0 162 0 162 0 162 0 162 0 162 0 162 0 162 0 162 0 162 
49 48
216 216 216 216 216 216 216 216 216 216 216 216 216 216 216 216 216 216 216 216 216 216 216 216 216 216 216 216 216 216 216 216 216 216 216 216 216 216 216 216 216 216 216 216 216 216 216 216 216 
0 441 0 441 0 441 0 441 0 441 0 441 0 441 0 441 0 441 0 441 0 441 0 441 0 441 0 441 0 441 0 441 0 441 0 441 0 441 0 441 0 441 0 441 0 441 0 441 
93 94
423 423 423 423 423 423 423 423 423 423 423 423 423 423 423 423 423 423 423 423 423 423 423 423 423 423 423 423 423 423 423 423 423 423 423 423 423 423 423 423 423 423 423 423 423 423 423 423 423 423 423 423 423 423 423 423 423 423 423 423 423 423 423 423 423 423 423 423 423 423 423 423 423 423 423 423 423 423 423 423 423 423 423 423 423 423 423 423 423 423 423 423 423 
0 837 0 837 0 837 0 837 0 837 0 837 0 837 0 837 0 837 0 837 0 837 0 837 0 837 0 837 0 837 0 837 0 837 0 837 0 837 0 837 0 837 0 837 0 837 0 837 0 837 0 837 0 837 0 837 0 837 0 837 0 837 0 837 0 837 0 837 0 837 0 837 0 837 0 837 0 837 0 837 0 837 0 837 0 837 0 837 0 837 0 837 0 837 
94 192
864 864 864 864 864 864 864 864 864 864 864 864 864 864 864 864 864 864 864 864 864 864 864 864 864 864 864 864 864 864 864 864 864 864 864 864 864 864 864 864 864 864 864 864 864 864 864 864 864 864 864 864 864 864 864 864 864 864 864 864 864 864 864 864 864 864 864 864 864 864 864 864 864 864 864 864 864 864 864 864 864 864 864 864 864 864 864 864 864 864 864 864 864 864 
0 846 0 846 0 846 0 846 0 846 0 846 0 846 0 846 0 846 0 846 0 846 0 846 0 846 0 846 0 846 0 846 0 846 0 846 0 846 0 846 0 846 0 846 0 846 0 846 0 846 0 846 0 846 0 846 0 846 0 846 0 846 0 846 0 846 0 846 0 846 0 846 0 846 0 846 0 846 0 846 0 846 0 846 0 846 0 846 0 846 0 846 0 846 0 846 0 846 0 846 0 846 0 846 0 846 0 846 0 846 0 846 0 846 0 846 0 846 0 846 0 846 0 846 0 846 0 846 0 846 0 846 0 846 0 846 0 846 0 846 0 846 0 846 0 846 0 846 0 846 0 846 0 846 0 846 0 846 0 846 0 846 0 846 0 846 0 846 0 846 0 846 0 846 0 846 0 846 0 846 0 846 0 846 0 846 0 846 0 846 0 846 
199 167
747 747 747 747 747 747 747 747 747 747 747 747 747 747 747 747 747 747 747 747 747 747 747 747 747 747 747 747 747 747 747 747 747 747 747 747 747 747 747 747 747 747 747 747 747 747 747 747 747 747 747 747 747 747 747 747 747 747 747 747 747 747 747 747 747 747 747 747 747 747 747 747 747 747 747 747 747 747 747 747 747 747 747 747 747 747 747 747 747 747 747 747 747 747 747 747 747 747 747 747 747 747 747 747 747 747 747 747 747 747 747 747 747 747 747 747 747 747 747 747 747 747 747 747 747 747 747 747 747 747 747 747 747 747 747 747 747 747 747 747 747 747 747 747 747 747 747 747 747 747 747 747 747 747 747 747 747 747 747 747 747 747 747 747 747 747 747 747 747 747 747 747 747 747 747 747 747 747 747 747 747 747 747 747 747 747 747 747 747 747 747 747 747 747 747 747 747 747 747 
0 1791 0 1791 0 1791 0 1791 0 1791 0 1791 0 1791 0 1791 0 1791 0 1791 0 1791 0 1791 0 1791 0 1791 0 1791 0 1791 0 1791 0 1791 0 1791 0 1791 0 1791 0 1791 0 1791 0 1791 0 1791 0 1791 0 1791 0 1791 0 1791 0 1791 0 1791 0 1791 0 1791 0 1791 0 1791 0 1791 0 1791 0 1791 0 1791 0 1791 0 1791 0 1791 0 1791 0 1791 0 1791 0 1791 0 1791 0 1791 0 1791 0 1791 0 1791 0 1791 0 1791 0 1791 0 1791 0 1791 0 1791 0 1791 0 1791 0 1791 0 1791 0 1791 0 1791 0 1791 0 1791 0 1791 0 1791 0 1791 0 1791 0 1791 0 1791 0 1791 0 1791 0 1791 0 1791 0 1791 0 1791 0 1791 0 1791 0 1791 0 1791 0 1791 0 1791 0 
280 260
1170 1170 1170 1170 1170 1170 1170 1170 1170 1170 1170 1170 1170 1170 1170 1170 1170 1170 1170 1170 1170 1170 1170 1170 1170 1170 1170 1170 1170 1170 1170 1170 1170 1170 1170 1170 1170 1170 1170 1170 1170 1170 1170 1170 1170 1170 1170 1170 1170 1170 1170 1170 1170 1170 1170 1170 1170 1170 1170 1170 1170 1170 1170 1170 1170 1170 1170 1170 1170 1170 1170 1170 1170 1170 1170 1170 1170 1170 1170 1170 1170 1170 1170 1170 1170 1170 1170 1170 1170 1170 1170 1170 1170 1170 1170 1170 1170 1170 1170 1170 1170 1170 1170 1170 1170 1170 1170 1170 1170 1170 1170 1170 1170 1170 1170 1170 1170 1170 1170 1170 1170 1170 1170 1170 1170 1170 1170 1170 1170 1170 1170 1170 1170 1170 1170 1170 1170 1170 1170 1170 1170 1170 1170 1170 1170 1170 1170 1170 1170 1170 1170 1170 1170 1170 1170 1170 1170 1170 1170 1170 1170 1170 1170 1170 1170 1170 1170 1170 1170 1170 1170 1170 1170 1170 1170 1170 1170 1170 1170 1170 1170 1170 1170 1170 1170 1170 1170 1170 1170 1170 1170 1170 1170 1170 1170 1170 1170 1170 1170 1170 1170 1170 1170 1170 1170 1170 1170 1170 1170 1170 1170 1170 1170 1170 1170 1170 1170 1170 1170 1170 1170 1170 1170 1170 1170 1170 1170 1170 1170 1170 1170 1170 1170 1170 1170 1170 1170 1170 1170 1170 1170 1170 1170 1170 1170 1170 1170 1170 1170 1170 1170 1170 1170 1170 1170 1170 1170 1170 1170 1170 1170 1170 1170 1170 1170 1170 1170 1170 1170 1170 1170 1170 1170 1170 1170 1170 1170 1170 1170 1170 
0 2520 0 2520 0 2520 0 2520 0 2520 0 2520 0 2520 0 2520 0 2520 0 2520 0 2520 0 2520 0 2520 0 2520 0 2520 0 2520 0 2520 0 2520 0 2520 0 2520 0 2520 0 2520 0 2520 0 2520 0 2520 0 2520 0 2520 0 2520 0 2520 0 2520 0 2520 0 2520 0 2520 0 2520 0 2520 0 2520 0 2520 0 2520 0 2520 0 2520 0 2520 0 2520 0 2520 0 2520 0 2520 0 2520 0 2520 0 2520 0 2520 0 2520 0 2520 0 2520 0 2520 0 2520 0 2520 0 2520 0 2520 0 2520 0 2520 0 2520 0 2520 0 2520 0 2520 0 2520 0 2520 0 2520 0 2520 0 2520 0 2520 0 2520 0 2520 0 2520 0 2520 0 2520 0 2520 0 2520 0 2520 0 2520 0 2520 0 2520 0 2520 0 2520 0 2520 0 2520 0 2520 0 2520 0 2520 0 2520 0 2520 0 2520 0 2520 0 2520 0 2520 0 2520 0 2520 0 2520 0 2520 0 2520 0 2520 0 2520 0 2520 0 2520 0 2520 0 2520 0 2520 0 2520 0 2520 0 2520 0 2520 0 2520 0 2520 0 2520 0 2520 0 2520 0 2520 0 2520 0 2520 0 2520 0 2520 0 2520 0 2520 0 2520 0 2520 0 2520 0 2520 0 2520 0 2520 0 2520 0 2520 0 2520 
388 386
1737 1737 1737 1737 1737 1737 1737 1737 1737 1737 1737 1737 1737 1737 1737 1737 1737 1737 1737 1737 1737 1737 1737 1737 1737 1737 1737 1737 1737 1737 1737 1737 1737 1737 1737 1737 1737 1737 1737 1737 1737 1737 1737 1737 1737 1737 1737 1737 1737 1737 1737 1737 1737 1737 1737 1737 1737 1737 1737 1737 1737 1737 1737 1737 1737 1737 1737 1737 1737 1737 1737 1737 1737 1737 1737 1737 1737 1737 1737 1737 1737 1737 1737 1737 1737 1737 1737 1737 1737 1737 1737 1737 1737 1737 1737 1737 1737 1737 1737 1737 1737 1737 1737 1737 1737 1737 1737 1737 1737 1737 1737 1737 1737 1737 1737 1737 1737 1737 1737 1737 1737 1737 1737 1737 1737 1737 1737 1737 1737 1737 1737 1737 1737 1737 1737 1737 1737 1737 1737 1737 1737 1737 1737 1737 1737 1737 1737 1737 1737 1737 1737 1737 1737 1737 1737 1737 1737 1737 1737 1737 1737 1737 1737 1737 1737 1737 1737 1737 1737 1737 1737 1737 1737 1737 1737 1737 1737 1737 1737 1737 1737 1737 1737 1737 1737 1737 1737 1737 1737 1737 1737 1737 1737 1737 1737 1737 1737 1737 1737 1737 1737 1737 1737 1737 1737 1737 1737 1737 1737 1737 1737 1737 1737 1737 1737 1737 1737 1737 1737 1737 1737 1737 1737 1737 1737 1737 1737 1737 1737 1737 1737 1737 1737 1737 1737 1737 1737 1737 1737 1737 1737 1737 1737 1737 1737 1737 1737 1737 1737 1737 1737 1737 1737 1737 1737 1737 1737 1737 1737 1737 1737 1737 1737 1737 1737 1737 1737 1737 1737 1737 1737 1737 1737 1737 1737 1737 1737 1737 1737 1737 1737 1737 1737 1737 1737 1737 1737 1737 1737 1737 1737 1737 1737 1737 1737 1737 1737 1737 1737 1737 1737 1737 1737 1737 1737 1737 1737 1737 1737 1737 1737 1737 1737 1737 1737 1737 1737 1737 1737 1737 1737 1737 1737 1737 1737 1737 1737 1737 1737 1737 1737 1737 1737 1737 1737 1737 1737 1737 1737 1737 1737 1737 1737 1737 1737 1737 1737 1737 1737 1737 1737 1737 1737 1737 1737 1737 1737 1737 1737 1737 1737 1737 1737 1737 1737 1737 1737 1737 1737 1737 1737 1737 1737 1737 1737 1737 1737 1737 1737 1737 1737 1737 1737 1737 1737 1737 1737 1737 
0 3492 0 3492 0 3492 0 3492 0 3492 0 3492 0 3492 0 3492 0 3492 0 3492 0 3492 0 3492 0 3492 0 3492 0 3492 0 3492 0 3492 0 3492 0 3492 0 3492 0 3492 0 3492 0 3492 0 3492 0 3492 0 3492 0 3492 0 3492 0 3492 0 3492 0 3492 0 3492 0 3492 0 3492 0 3492 0 3492 0 3492 0 3492 0 3492 0 3492 0 3492 0 3492 0 3492 0 3492 0 3492 0 3492 0 3492 0 3492 0 3492 0 3492 0 3492 0 3492 0 3492 0 3492 0 3492 0 3492 0 3492 0 3492 0 3492 0 3492 0 3492 0 3492 0 3492 0 3492 0 3492 0 3492 0 3492 0 3492 0 3492 0 3492 0 3492 0 3492 0 3492 0 3492 0 3492 0 3492 0 3492 0 3492 0 3492 0 3492 0 3492 0 3492 0 3492 0 3492 0 3492 0 3492 0 3492 0 3492 0 3492 0 3492 0 3492 0 3492 0 3492 0 3492 0 3492 0 3492 0 3492 0 3492 0 3492 0 3492 0 3492 0 3492 0 3492 0 3492 0 3492 0 3492 0 3492 0 3492 0 3492 0 3492 0 3492 0 3492 0 3492 0 3492 0 3492 0 3492 0 3492 0 3492 0 3492 0 3492 0 3492 0 3492 0 3492 0 3492 0 3492 0 3492 0 3492 0 3492 0 3492 0 3492 0 3492 0 3492 0 3492 0 3492 0 3492 0 3492 0 3492 0 3492 0 3492 0 3492 0 3492 0 3492 0 3492 0 3492 0 3492 0 3492 0 3492 0 3492 0 3492 0 3492 0 3492 0 3492 0 3492 0 3492 0 3492 0 3492 0 3492 0 3492 0 3492 0 3492 0 3492 0 3492 0 3492 0 3492 0 3492 0 3492 0 3492 0 3492 0 3492 0 3492 0 3492 0 3492 0 3492 0 3492 0 3492 0 3492 0 3492 0 3492 0 3492 0 3492 0 3492 0 3492 0 3492 0 3492 0 3492 0 3492 0 3492 0 3492 0 3492 0 3492 0 3492 0 3492 0 3492 
462 456
2052 2052 2052 2052 2052 2052 2052 2052 2052 2052 2052 2052 2052 2052 2052 2052 2052 2052 2052 2052 2052 2052 2052 2052 2052 2052 2052 2052 2052 2052 2052 2052 2052 2052 2052 2052 2052 2052 2052 2052 2052 2052 2052 2052 2052 2052 2052 2052 2052 2052 2052 2052 2052 2052 2052 2052 2052 2052 2052 2052 2052 2052 2052 2052 2052 2052 2052 2052 2052 2052 2052 2052 2052 2052 2052 2052 2052 2052 2052 2052 2052 2052 2052 2052 2052 2052 2052 2052 2052 2052 2052 2052 2052 2052 2052 2052 2052 2052 2052 2052 2052 2052 2052 2052 2052 2052 2052 2052 2052 2052 2052 2052 2052 2052 2052 2052 2052 2052 2052 2052 2052 2052 2052 2052 2052 2052 2052 2052 2052 2052 2052 2052 2052 2052 2052 2052 2052 2052 2052 2052 2052 2052 2052 2052 2052 2052 2052 2052 2052 2052 2052 2052 2052 2052 2052 2052 2052 2052 2052 2052 2052 2052 2052 2052 2052 2052 2052 2052 2052 2052 2052 2052 2052 2052 2052 2052 2052 2052 2052 2052 2052 2052 2052 2052 2052 2052 2052 2052 2052 2052 2052 2052 2052 2052 2052 2052 2052 2052 2052 2052 2052 2052 2052 2052 2052 2052 2052 2052 2052 2052 2052 2052 2052 2052 2052 2052 2052 2052 2052 2052 2052 2052 2052 2052 2052 2052 2052 2052 2052 2052 2052 2052 2052 2052 2052 2052 2052 2052 2052 2052 2052 2052 2052 2052 2052 2052 2052 2052 2052 2052 2052 2052 2052 2052 2052 2052 2052 2052 2052 2052 2052 2052 2052 2052 2052 2052 2052 2052 2052 2052 2052 2052 2052 2052 2052 2052 2052 2052 2052 2052 2052 2052 2052 2052 2052 2052 2052 2052 2052 2052 2052 2052 2052 2052 2052 2052 2052 2052 2052 2052 2052 2052 2052 2052 2052 2052 2052 2052 2052 2052 2052 2052 2052 2052 2052 2052 2052 2052 2052 2052 2052 2052 2052 2052 2052 2052 2052 2052 2052 2052 2052 2052 2052 2052 2052 2052 2052 2052 2052 2052 2052 2052 2052 2052 2052 2052 2052 2052 2052 2052 2052 2052 2052 2052 2052 2052 2052 2052 2052 2052 2052 2052 2052 2052 2052 2052 2052 2052 2052 2052 2052 2052 2052 2052 2052 2052 2052 2052 2052 2052 2052 2052 2052 2052 2052 2052 2052 2052 2052 2052 2052 2052 2052 2052 2052 2052 2052 2052 2052 2052 2052 2052 2052 2052 2052 2052 2052 2052 2052 2052 2052 2052 2052 2052 2052 2052 2052 2052 2052 2052 2052 2052 2052 2052 2052 2052 2052 2052 2052 2052 2052 2052 2052 2052 2052 2052 2052 2052 2052 2052 2052 2052 2052 2052 2052 2052 2052 2052 2052 2052 2052 2052 2052 2052 2052 2052 2052 2052 2052 2052 2052 2052 
0 4158 0 4158 0 4158 0 4158 0 4158 0 4158 0 4158 0 4158 0 4158 0 4158 0 4158 0 4158 0 4158 0 4158 0 4158 0 4158 0 4158 0 4158 0 4158 0 4158 0 4158 0 4158 0 4158 0 4158 0 4158 0 4158 0 4158 0 4158 0 4158 0 4158 0 4158 0 4158 0 4158 0 4158 0 4158 0 4158 0 4158 0 4158 0 4158 0 4158 0 4158 0 4158 0 4158 0 4158 0 4158 0 4158 0 4158 0 4158 0 4158 0 4158 0 4158 0 4158 0 4158 0 4158 0 4158 0 4158 0 4158 0 4158 0 4158 0 4158 0 4158 0 4158 0 4158 0 4158 0 4158 0 4158 0 4158 0 4158 0 4158 0 4158 0 4158 0 4158 0 4158 0 4158 0 4158 0 4158 0 4158 0 4158 0 4158 0 4158 0 4158 0 4158 0 4158 0 4158 0 4158 0 4158 0 4158 0 4158 0 4158 0 4158 0 4158 0 4158 0 4158 0 4158 0 4158 0 4158 0 4158 0 4158 0 4158 0 4158 0 4158 0 4158 0 4158 0 4158 0 4158 0 4158 0 4158 0 4158 0 4158 0 4158 0 4158 0 4158 0 4158 0 4158 0 4158 0 4158 0 4158 0 4158 0 4158 0 4158 0 4158 0 4158 0 4158 0 4158 0 4158 0 4158 0 4158 0 4158 0 4158 0 4158 0 4158 0 4158 0 4158 0 4158 0 4158 0 4158 0 4158 0 4158 0 4158 0 4158 0 4158 0 4158 0 4158 0 4158 0 4158 0 4158 0 4158 0 4158 0 4158 0 4158 0 4158 0 4158 0 4158 0 4158 0 4158 0 4158 0 4158 0 4158 0 4158 0 4158 0 4158 0 4158 0 4158 0 4158 0 4158 0 4158 0 4158 0 4158 0 4158 0 4158 0 4158 0 4158 0 4158 0 4158 0 4158 0 4158 0 4158 0 4158 0 4158 0 4158 0 4158 0 4158 0 4158 0 4158 0 4158 0 4158 0 4158 0 4158 0 4158 0 4158 0 4158 0 4158 0 4158 0 4158 0 4158 0 4158 0 4158 0 4158 0 4158 0 4158 0 4158 0 4158 0 4158 0 4158 0 4158 0 4158 0 4158 0 4158 0 4158 0 4158 0 4158 0 4158 0 4158 0 4158 0 4158 0 4158 0 4158 0 4158 0 4158 0 4158 0 4158 0 4158 0 4158 0 4158 0 4158 0 4158 0 4158 0 4158 
455 430
1935 1935 1935 1935 1935 1935 1935 1935 1935 1935 1935 1935 1935 1935 1935 1935 1935 1935 1935 1935 1935 1935 1935 1935 1935 1935 1935 1935 1935 1935 1935 1935 1935 1935 1935 1935 1935 1935 1935 1935 1935 1935 1935 1935 1935 1935 1935 1935 1935 1935 1935 1935 1935 1935 1935 1935 1935 1935 1935 1935 1935 1935 1935 1935 1935 1935 1935 1935 1935 1935 1935 1935 1935 1935 1935 1935 1935 1935 1935 1935 1935 1935 1935 1935 1935 1935 1935 1935 1935 1935 1935 1935 1935 1935 1935 1935 1935 1935 1935 1935 1935 1935 1935 1935 1935 1935 1935 1935 1935 1935 1935 1935 1935 1935 1935 1935 1935 1935 1935 1935 1935 1935 1935 1935 1935 1935 1935 1935 1935 1935 1935 1935 1935 1935 1935 1935 1935 1935 1935 1935 1935 1935 1935 1935 1935 1935 1935 1935 1935 1935 1935 1935 1935 1935 1935 1935 1935 1935 1935 1935 1935 1935 1935 1935 1935 1935 1935 1935 1935 1935 1935 1935 1935 1935 1935 1935 1935 1935 1935 1935 1935 1935 1935 1935 1935 1935 1935 1935 1935 1935 1935 1935 1935 1935 1935 1935 1935 1935 1935 1935 1935 1935 1935 1935 1935 1935 1935 1935 1935 1935 1935 1935 1935 1935 1935 1935 1935 1935 1935 1935 1935 1935 1935 1935 1935 1935 1935 1935 1935 1935 1935 1935 1935 1935 1935 1935 1935 1935 1935 1935 1935 1935 1935 1935 1935 1935 1935 1935 1935 1935 1935 1935 1935 1935 1935 1935 1935 1935 1935 1935 1935 1935 1935 1935 1935 1935 1935 1935 1935 1935 1935 1935 1935 1935 1935 1935 1935 1935 1935 1935 1935 1935 1935 1935 1935 1935 1935 1935 1935 1935 1935 1935 1935 1935 1935 1935 1935 1935 1935 1935 1935 1935 1935 1935 1935 1935 1935 1935 1935 1935 1935 1935 1935 1935 1935 1935 1935 1935 1935 1935 1935 1935 1935 1935 1935 1935 1935 1935 1935 1935 1935 1935 1935 1935 1935 1935 1935 1935 1935 1935 1935 1935 1935 1935 1935 1935 1935 1935 1935 1935 1935 1935 1935 1935 1935 1935 1935 1935 1935 1935 1935 1935 1935 1935 1935 1935 1935 1935 1935 1935 1935 1935 1935 1935 1935 1935 1935 1935 1935 1935 1935 1935 1935 1935 1935 1935 1935 1935 1935 1935 1935 1935 1935 1935 1935 1935 1935 1935 1935 1935 1935 1935 1935 1935 1935 1935 1935 1935 1935 1935 1935 1935 1935 1935 1935 1935 1935 1935 1935 1935 1935 1935 1935 1935 1935 1935 1935 1935 1935 1935 1935 1935 1935 1935 1935 1935 1935 1935 1935 1935 1935 1935 1935 1935 1935 1935 1935 1935 1935 1935 1935 1935 1935 1935 1935 
0 4095 0 4095 0 4095 0 4095 0 4095 0 4095 0 4095 0 4095 0 4095 0 4095 0 4095 0 4095 0 4095 0 4095 0 4095 0 4095 0 4095 0 4095 0 4095 0 4095 0 4095 0 4095 0 4095 0 4095 0 4095 0 4095 0 4095 0 4095 0 4095 0 4095 0 4095 0 4095 0 4095 0 4095 0 4095 0 4095 0 4095 0 4095 0 4095 0 4095 0 4095 0 4095 0 4095 0 4095 0 4095 0 4095 0 4095 0 4095 0 4095 0 4095 0 4095 0 4095 0 4095 0 4095 0 4095 0 4095 0 4095 0 4095 0 4095 0 4095 0 4095 0 4095 0 4095 0 4095 0 4095 0 4095 0 4095 0 4095 0 4095 0 4095 0 4095 0 4095 0 4095 0 4095 0 4095 0 4095 0 4095 0 4095 0 4095 0 4095 0 4095 0 4095 0 4095 0 4095 0 4095 0 4095 0 4095 0 4095 0 4095 0 4095 0 4095 0 4095 0 4095 0 4095 0 4095 0 4095 0 4095 0 4095 0 4095 0 4095 0 4095 0 4095 0 4095 0 4095 0 4095 0 4095 0 4095 0 4095 0 4095 0 4095 0 4095 0 4095 0 4095 0 4095 0 4095 0 4095 0 4095 0 4095 0 4095 0 4095 0 4095 0 4095 0 4095 0 4095 0 4095 0 4095 0 4095 0 4095 0 4095 0 4095 0 4095 0 4095 0 4095 0 4095 0 4095 0 4095 0 4095 0 4095 0 4095 0 4095 0 4095 0 4095 0 4095 0 4095 0 4095 0 4095 0 4095 0 4095 0 4095 0 4095 0 4095 0 4095 0 4095 0 4095 0 4095 0 4095 0 4095 0 4095 0 4095 0 4095 0 4095 0 4095 0 4095 0 4095 0 4095 0 4095 0 4095 0 4095 0 4095 0 4095 0 4095 0 4095 0 4095 0 4095 0 4095 0 4095 0 4095 0 4095 0 4095 0 4095 0 4095 0 4095 0 4095 0 4095 0 4095 0 4095 0 4095 0 4095 0 4095 0 4095 0 4095 0 4095 0 4095 0 4095 0 4095 0 4095 0 4095 0 4095 0 4095 0 4095 0 4095 0 4095 0 4095 0 4095 0 4095 0 4095 0 4095 0 4095 0 4095 0 4095 0 4095 0 4095 0 4095 0 4095 0 4095 
10 9
88 57 47 53 69 49 54 74 57 110
96 70 85 97 70 48 40 60 92
18 18
113 145 141 124 106 117 114 138 124 117 112 107 126 151 147 163 120 98
126 111 136 130 142 116 151 107 165 119 110 129 99 107 120 136 95 164
50 44
374 338 318 268 318 362 334 402 320 376 330 343 304 350 284 353 300 331 294 336 321 339 357 344 296 266 390 299 378 329 327 336 379 334 342 352 367 336 330 282 311 336 340 352 379 280 361 327 339 388
337 386 403 344 359 434 407 343 390 451 369 384 352 431 397 386 386 378 334 412 333 393 348 346 421 364 400 341 325 379 439 383 381 403 373 416 387 467 356 376 406 321 346 365
92 90
688 769 697 668 719 711 706 763 701 644 685 636 678 634 642 635 595 639 690 741 679 660 611 657 648 683 698 629 705 649 776 597 759 720 670 658 658 696 713 682 657 713 640 747 676 659 669 675 688 747 685 670 691 758 676 643 770 756 634 679 703 728 690 672 632 670 691 746 607 736 679 635 669 676 753 656 746 668 670 615 611 662 680 697 704 648 766 695 714 639 603 674
671 776 684 749 677 736 691 679 657 698 754 739 691 724 679 733 596 680 691 697 692 757 707 703 721 649 719 604 786 707 712 682 711 724 716 799 697 770 622 737 637 610 733 617 607 758 678 683 697 710 647 665 675 720 695 732 646 627 819 622 695 743 700 723 722 705 688 655 717 638 695 671 708 812 760 641 641 602 711 616 660 702 732 716 700 708 719 695 786 701
81 193
1436 1436 1450 1530 1509 1420 1489 1408 1639 1417 1353 1419 1430 1296 1495 1472 1472 1505 1521 1521 1432 1377 1419 1479 1412 1431 1402 1429 1483 1575 1389 1509 1525 1387 1457 1479 1366 1414 1417 1401 1449 1449 1484 1382 1501 1424 1507 1428 1341 1443 1457 1449 1420 1444 1405 1378 1387 1451 1467 1435 1352 1347 1468 1397 1444 1525 1446 1434 1480 1398 1420 1497 1423 1541 1441 1329 1408 1354 1296 1490 1382
602 644 680 612 571 587 639 583 652 628 606 638 653 572 564 564 563 566 526 596 533 642 617 568 579 580 614 662 570 606 594 613 650 592 633 674 615 644 567 540 646 600 552 643 542 575 584 643 603 582 569 620 531 578 545 548 586 689 599 606 611 601 661 610 622 632 619 587 569 603 633 577 685 619 664 633 586 591 591 664 547 645 716 553 610 665 632 554 598 537 515 612 590 623 559 596 571 566 571 548 579 555 637 542 577 644 692 545 572 553 615 618 664 591 587 617 593 573 557 550 588 571 656 642 624 652 601 596 556 638 692 669 672 576 592 660 637 540 566 598 537 607 574 636 604 617 676 568 628 639 595 579 644 646 604 658 577 577 583 613 536 631 659 665 566 609 600 590 611 553 591 676 629 575 594 579 647 635 621 636 530 598 674 642 628 575 630 554 584 600 603 636 622
166 170
778 797 719 754 777 763 716 776 774 794 758 765 817 719 789 732 720 728 714 718 841 774 748 756 732 760 770 787 749 776 726 765 753 775 765 721 736 694 772 758 811 761 825 776 775 794 809 799 824 797 749 787 681 802 796 738 792 765 789 731 764 775 741 795 765 800 728 699 753 778 714 852 776 748 772 748 785 755 731 764 769 758 740 776 785 773 805 801 766 718 737 831 777 803 814 789 789 721 804 753 792 725 788 809 733 747 781 805 764 758 721 763 784 752 773 811 815 780 706 728 805 781 798 830 804 709 793 782 802 744 779 693 800 762 848 757 768 751 829 731 787 713 835 738 718 664 801 736 782 758 739 752 679 774 803 777 753 731 645 817 763 708 774 713 821 806
734 774 748 770 707 773 740 707 766 793 782 792 764 722 740 730 811 788 749 649 762 750 766 783 744 722 807 778 728 716 709 719 727 789 721 750 743 778 738 758 700 721 704 776 739 759 735 728 807 764 827 699 730 742 805 680 745 717 727 719 766 719 728 771 749 775 741 787 697 757 856 715 737 756 789 762 709 835 736 677 753 806 717 767 734 781 728 707 741 749 825 739 770 730 705 764 700 785 761 758 771 747 806 786 727 716 746 700 720 773 797 723 672 745 767 713 757 768 721 722 729 750 768 757 714 680 751 772 771 838 735 816 745 744 763 701 819 686 760 681 721 736 742 777 714 790 752 779 730 686 769 685 752 694 687 713 780 734 727 763 785 750 770 804 740 706 806 709 741 775
248 298
1338 1366 1246 1326 1326 1283 1263 1397 1340 1453 1366 1435 1326 1391 1331 1344 1342 1275 1391 1342 1247 1394 1236 1352 1367 1353 1323 1334 1351 1403 1426 1317 1392 1298 1306 1398 1327 1216 1337 1274 1360 1301 1395 1337 1344 1356 1314 1301 1375 1353 1230 1340 1335 1351 1256 1350 1363 1454 1316 1404 1363 1410 1289 1371 1273 1381 1348 1346 1299 1296 1343 1406 1370 1380 1308 1357 1382 1344 1324 1378 1414 1443 1380 1318 1315 1365 1319 1285 1315 1375 1261 1379 1345 1313 1376 1320 1304 1406 1339 1329 1250 1383 1346 1408 1361 1350 1370 1361 1381 1410 1295 1354 1361 1326 1371 1398 1301 1319 1395 1374 1362 1407 1298 1283 1217 1326 1350 1351 1341 1387 1349 1301 1340 1387 1381 1303 1401 1252 1261 1427 1385 1318 1303 1289 1371 1316 1311 1326 1358 1350 1421 1313 1381 1368 1306 1418 1475 1310 1325 1356 1329 1273 1355 1356 1282 1332 1359 1257 1367 1396 1386 1366 1373 1394 1335 1366 1356 1358 1321 1359 1370 1436 1386 1354 1316 1266 1426 1460 1299 1348 1382 1318 1333 1388 1407 1322 1410 1346 1286 1230 1322 1398 1331 1319 1335 1453 1405 1337 1386 1368 1209 1410 1368 1355 1393 1328 1345 1349 1315 1265 1385 1278 1334 1413 1350 1327 1352 1445 1313 1339 1355 1344 1352 1333 1346 1339 1288 1397 1293 1328 1319 1301 1349 1298 1379 1411 1349 1315
1135 1151 1176 1057 1193 1113 1117 1121 1131 1045 1115 1073 1163 1156 1191 1094 1104 1103 1117 1129 1105 1119 1086 1172 1114 1103 1159 1078 1193 1165 1148 1083 1093 1136 1108 1083 1103 1053 1054 1093 1208 1119 1100 1119 1125 1048 1091 1225 1159 1106 1114 1112 1074 1179 1082 1120 1147 1220 1101 1126 1059 1132 1116 1149 1218 1155 1191 1113 1036 1221 1124 1114 1092 1176 1202 1120 1047 1060 1167 1100 1085 1098 1142 1144 1110 1106 1156 1032 1122 1080 1115 1090 1088 1151 1178 1101 1085 1099 1112 1085 1128 1220 1116 1196 1054 1144 1085 1143 1111 1160 1013 1147 1097 1151 1096 1051 1119 1144 1161 1058 1201 1104 1099 1167 1117 1111 1052 1156 1142 1134 1097 1182 1066 1146 1111 1158 1080 1076 1086 1140 1174 1069 1096 1110 1181 1176 1041 1097 1126 1113 1124 1159 1073 1147 1110 1105 1062 1091 1069 1168 1064 1208 1074 1218 1181 1095 1121 1192 1153 1239 1055 1167 1059 1221 1090 1033 1108 1096 1179 1122 1080 1144 1130 1139 1057 1117 1110 1138 1149 1115 1110 1084 1144 1167 1166 1042 1097 1082 1140 1003 1058 1131 1070 1128 1119 1115 1158 1182 1081 1076 1169 1143 1063 1042 1083 1074 1072 1128 1070 1174 1093 1052 1125 1136 1071 1098 1204 1121 1086 1017 1119 1085 1145 1119 1096 1062 1124 1172 1072 1085 1155 1128 1092 1158 1078 1126 1122 1089 1110 1071 1134 1095 1039 1188 1138 1096 1155 1120 1085 1086 1197 1118 1151 1069 1094 1126 1072 1118 1209 1167 1133 1197 1067 1145 1100 1113 1165 1146 1097 1171 1135 1079 1169 1222 1156 1127 1154 1043 1167 1146 1163 1103 1151 1143 1215 1129 1066 1117
334 382
1692 1666 1699 1784 1707 1637 1806 1709 1786 1672 1733 1736 1760 1707 1721 1726 1731 1650 1773 1727 1812 1611 1675 1742 1674 1669 1697 1782 1709 1758 1652 1604 1687 1725 1835 1685 1860 1689 1751 1633 1574 1778 1773 1713 1763 1712 1667 1698 1606 1707 1677 1697 1773 1759 1770 1737 1780 1654 1716 1703 1687 1757 1641 1679 1733 1613 1702 1725 1666 1779 1740 1695 1789 1707 1730 1659 1796 1723 1704 1718 1713 1739 1695 1692 1715 1791 1798 1715 1708 1633 1672 1850 1683 1685 1713 1697 1709 1635 1758 1680 1685 1810 1813 1792 1646 1663 1729 1709 1658 1657 1643 1662 1681 1813 1698 1674 1788 1817 1755 1695 1698 1709 1714 1671 1631 1786 1634 1759 1724 1720 1735 1738 1637 1701 1789 1718 1722 1720 1662 1710 1674 1705 1665 1740 1794 1736 1745 1690 1800 1789 1719 1741 1705 1708 1687 1716 1770 1805 1834 1590 1767 1719 1770 1636 1702 1740 1768 1744 1783 1748 1720 1723 1620 1770 1708 1665 1813 1748 1828 1716 1788 1748 1662 1587 1663 1687 1781 1666 1657 1683 1827 1716 1766 1731 1725 1700 1792 1639 1676 1745 1656 1708 1717 1762 1796 1623 1766 1778 1718 1745 1722 1711 1769 1631 1791 1747 1680 1768 1713 1682 1755 1782 1710 1786 1789 1672 1716 1850 1765 1734 1600 1621 1769 1670 1801 1656 1750 1642 1695 1694 1714 1660 1745 1736 1777 1838 1791 1594 1681 1769 1630 1748 1709 1619 1702 1756 1671 1723 1636 1764 1822 1728 1622 1722 1755 1670 1817 1714 1803 1698 1661 1803 1751 1638 1647 1707 1687 1778 1731 1708 1718 1702 1721 1615 1776 1760 1696 1676 1656 1708 1775 1669 1752 1738 1724 1779 1655 1750 1716 1716 1681 1660 1726 1757 1749 1708 1661 1701 1694 1759 1791 1724 1659 1652 1719 1720 1713 1925 1734 1747 1706 1697 1709 1703 1714 1692 1648 1813 1680 1733 1681 1654 1740 1704
1509 1465 1468 1478 1539 1546 1521 1516 1488 1583 1485 1568 1502 1618 1544 1509 1479 1415 1468 1435 1538 1509 1502 1538 1442 1469 1444 1466 1441 1617 1483 1579 1446 1454 1468 1517 1421 1579 1610 1559 1533 1439 1538 1623 1540 1492 1432 1548 1478 1469 1436 1467 1394 1610 1474 1500 1556 1527 1482 1416 1501 1549 1511 1590 1548 1493 1528 1482 1552 1538 1434 1479 1491 1571 1566 1478 1503 1477 1566 1524 1626 1459 1446 1485 1650 1508 1451 1506 1526 1413 1546 1532 1443 1582 1540 1534 1372 1502 1516 1434 1435 1502 1478 1438 1467 1547 1608 1504 1530 1457 1538 1551 1494 1558 1527 1553 1507 1473 1479 1455 1436 1549 1552 1475 1531 1538 1472 1481 1520 1471 1566 1481 1600 1531 1549 1443 1558 1462 1521 1590 1582 1469 1439 1511 1548 1518 1527 1530 1482 1575 1498 1492 1515 1527 1443 1510 1467 1515 1537 1492 1499 1588 1483 1503 1448 1462 1550 1465 1554 1482 1536 1430 1524 1588 1471 1501 1479 1468 1464 1448 1669 1493 1384 1521 1503 1525 1401 1480 1557 1457 1562 1443 1407 1476 1592 1535 1595 1415 1502 1422 1524 1492 1484 1392 1535 1558 1614 1472 1402 1527 1417 1573 1505 1484 1505 1475 1445 1469 1518 1376 1495 1602 1473 1417 1473 1519 1488 1514 1474 1543 1595 1418 1499 1480 1627 1518 1469 1477 1474 1407 1539 1477 1591 1540 1565 1448 1565 1531 1498 1461 1458 1479 1516 1559 1484 1512 1496 1475 1497 1550 1511 1531 1524 1473 1511 1545 1444 1557 1471 1460 1445 1443 1518 1507 1524 1421 1501 1512 1445 1515 1452 1442 1441 1514 1426 1510 1519 1546 1404 1500 1509 1531 1464 1561 1562 1380 1447 1471 1478 1568 1486 1516 1558 1464 1455 1446 1557 1558 1483 1520 1532 1508 1500 1513 1514 1449 1550 1479 1539 1537 1466 1510 1429 1465 1456 1544 1386 1438 1594 1556 1475 1494 1435 1563 1515 1474 1436 1514 1544 1492 1524 1577 1565 1447 1510 1523 1422 1480 1489 1549 1550 1579 1522 1554 1515 1471 1461 1537 1463 1471 1437 1478 1616 1588 1481 1544 1423 1515 1443 1585 1526 1495 1622 1481 1512 1499 1398 1507 1394 1534 1454 1526
442 415
1900 1900 1819 1920 1844 1850 1823 1888 1843 1832 1910 1797 1776 1796 1917 1727 1787 1847 1900 1915 1987 1827 1913 1929 1929 1810 1811 1808 1896 1895 1833 1834 1840 1807 1775 1903 1863 1799 1993 1914 1929 1845 1837 1840 1869 1887 1894 1885 1820 1808 1814 1783 1903 1790 1795 1855 1839 1877 1884 1904 1939 1845 1818 1855 1869 1849 1869 1944 1863 1773 1884 1851 1909 1892 1894 1818 1943 1786 1844 1819 1842 1927 1970 1834 1891 1860 1895 1795 1802 1787 1892 1844 1952 1912 1849 2012 1898 1868 1762 1819 1824 1884 1833 1809 1913 1935 1874 1884 1941 1809 1933 1934 1703 1897 1918 1861 1758 1871 1907 1855 1851 1928 1831 2004 1918 1887 1906 1884 1819 1894 1880 1835 1812 1880 1876 1877 1829 1830 1840 1883 1753 1836 1819 1760 1896 1868 1823 1877 1904 1864 1824 1859 1807 1812 1809 1873 1909 1943 1882 1770 1866 1735 1821 1871 1846 1828 1808 1940 1922 1761 1873 1821 1816 1961 1919 1901 1802 1813 1829 1963 1912 1885 1897 1968 1803 1885 1786 1847 1770 1834 1860 1900 1797 1771 1888 1931 1901 1808 1882 1743 1868 1892 1826 1784 1844 1850 1875 1788 1851 1879 1775 1771 1845 1821 1886 1796 1905 1834 1907 1839 1917 1867 1900 1876 1868 1798 1870 1816 1791 1840 1755 1817 1906 1858 1884 1780 1954 1870 1753 1922 1794 2024 1844 1850 1909 1975 1882 1889 1854 1905 1960 1872 1913 1887 1850 1879 1869 1938 1875 1930 1882 1760 1879 1883 1973 1896 1800 1939 1876 1911 1936 1868 1873 1873 1892 1951 1803 1857 1854 1915 1894 1801 1824 1785 1989 1841 1821 1954 1788 1866 1772 1806 1843 1808 1854 1898 2014 1870 1959 1912 1830 1863 1825 1865 1873 1871 1956 1864 1867 1887 1842 1820 1875 1982 1798 1789 1939 1883 1909 1818 1841 1943 1802 1879 1746 1753 1843 1927 1890 1943 1795 1845 1959 1842 1992 1904 1862 1828 1799 1976 1879 1820 1966 1876 2009 1892 1816 1862 1931 1925 1779 1848 1938 1877 1881 1833 1877 1947 1848 1828 1761 1919 1919 1888 1834 1844 1827 1830 1881 1935 1818 1895 1899 1916 1835 1827 1876 1805 1864 1831 1829 1883 1815 1853 1792 1853 2015 1890 1892 1831 1926 1742 1979 1886 1953 1893 1874 1900 1981 1819 1873 1846 1869 1865 1958 1906 1854 1930 1845 1737 1884 1920 1793 1896 1927 1702 1934 1792 1849 1892 1986 1793 1932 1853 1863 1864 1879 1840 1916 1838 1913 1959 1796 1833 1926 1839 1895 1928 1790 1873 1870 1882
1943 2089 1870 1985 1973 1987 1961 2028 1973 1963 1941 1897 2037 1910 1971 2029 2016 2018 1896 2062 1932 2039 1985 1942 1985 1991 2064 1943 1980 2075 1906 1931 2011 1930 1909 1943 2057 1966 1983 1892 2026 1970 1861 2012 2094 1947 1976 2017 1979 1923 2011 1936 1986 1984 1965 2011 2017 1962 1974 1964 1990 1975 2039 2021 2098 1982 2100 2058 1951 2166 1939 1931 1987 2047 1995 1994 2069 2005 1897 1995 2072 2003 1977 2000 2035 1992 2083 2106 1979 2004 2014 1976 1987 1919 2006 2008 2028 2042 2024 1918 2037 2038 1950 1896 1998 2056 2091 1934 1974 2003 1888 2104 2030 2035 1883 1920 2003 2107 1991 1967 2034 2039 1904 1963 1995 2018 1921 2090 1930 1937 2010 1978 1936 1956 1898 2026 2032 2030 2094 2072 2021 1946 2053 1984 2034 1991 1953 1971 2002 1984 1910 1968 1881 1952 1973 1939 2071 1904 1943 1960 1959 2062 1946 1959 2009 1957 2009 1886 1980 1897 1987 2048 1946 1985 2024 2053 1976 1982 2030 1957 2074 1973 1880 2014 1911 1974 2076 2053 2003 2055 2086 1916 2026 1921 1925 2014 1906 2026 1958 1928 1987 2058 2059 2095 1919 2088 1980 1935 2018 1916 2009 1950 1938 1952 1985 2070 1989 1994 2041 1972 2009 2009 2137 2070 1955 1949 1912 1991 1986 1931 2052 1971 1924 2068 1983 2037 1926 1904 1914 2022 2055 1988 1904 1937 1957 1987 1959 2065 1992 1939 1851 1934 1933 2003 2005 1977 1875 1953 2004 2025 2006 2097 2006 2074 1966 1975 1952 1997 2083 1952 1981 2010 1870 2003 2021 1996 2026 1940 2031 2023 2165 2094 1865 2022 1993 1976 1981 1911 1933 2044 1895 1859 1996 2020 1945 1921 2032 1940 2077 2019 1963 1987 1986 1952 1876 1920 1837 1935 1964 2054 1957 1900 1950 1962 2027 2079 1971 1946 2071 2096 1933 2007 1972 1938 1974 2021 1956 2017 2002 1977 1954 1879 2028 1984 1941 1926 1981 2016 1946 1879 1941 2011 2038 1929 2104 1873 1939 1945 1872 2031 1955 1974 2007 1927 1931 2032 1986 1864 1941 2027 2047 1966 1994 1937 1931 2108 1944 1987 2003 2057 1988 2007 1990 1976 1960 1901 1976 1996 1949 2065 1860 1968 1848 2063 1987 1985 2053 2053 1978 2161 2015 2017 2136 1925 2003 1953 1961 2033 1933 2067 1955 1943 2051 1976 2077 1911 1970 2010 2121 2091 1972 2030 2030 1962 2018
424 436
2077 2034 1976 2020 1896 1983 2056 1901 1967 1961 1941 2086 1887 1866 2006 2015 1797 1962 2053 1873 1880 1877 2056 1992 1961 1996 1975 1859 1976 1853 1941 1773 1960 2031 1945 1851 1987 1961 2115 1891 1956 1936 2030 1933 1969 1834 1905 1827 1950 1948 2044 1932 1992 2101 1971 1967 1985 1865 1988 1938 1976 1954 2031 1958 1978 1939 2042 1981 1977 2024 1909 1941 1860 1940 1972 1983 2064 1935 1949 1994 1994 1853 1873 1948 1917 2054 1977 2025 1936 1981 1929 2020 1983 1912 1996 1891 2034 1972 1969 1990 1972 1962 1981 1915 1940 2001 1933 1909 1956 1876 1948 1980 1904 2039 1825 1940 2031 1998 1975 2094 2007 2028 1992 1851 2047 1996 1992 2077 1907 2017 1906 1895 1940 1985 2071 1909 1891 1977 1986 1924 1969 1856 1999 1957 1929 2095 2001 1921 1924 2061 1875 1968 1974 2034 2038 1988 1948 1932 1945 2004 2016 2006 1929 2117 2080 1904 1957 1960 1867 1933 1957 1969 1928 1979 1984 1989 1974 1923 2037 1880 1959 2023 1965 1933 1903 1879 1951 1968 1902 1940 1945 2098 1982 1931 1984 1975 2001 1908 1989 1895 1897 1958 1868 1917 2067 1874 1992 2085 2022 1971 1970 1934 1954 1917 2013 1933 1945 2025 2069 1974 1969 1855 1901 2078 2004 2036 1869 2040 1943 1944 1945 1902 1972 1927 2042 2032 2009 1875 1813 2019 1990 1858 2045 1883 1928 1913 1940 1980 1973 1905 1865 2045 1980 1876 2070 1892 1956 2058 2000 1905 1977 1974 1950 1995 1991 1903 1917 2046 1939 1942 1849 1861 2032 2014 1917 1935 1980 2083 2026 1994 1944 1998 1971 1936 1958 1929 1903 2056 1978 1978 2013 1942 1861 1893 1965 1932 1909 2002 2035 1948 1983 2012 1937 1964 2007 1933 1907 2041 1929 1998 1987 1936 1925 1839 1896 1920 2006 1996 1990 1910 1930 2054 1905 1897 1926 1974 1959 2111 1962 1900 1979 1966 1943 1969 1897 1964 1969 1913 1885 1976 2006 1948 2000 1882 2010 1969 2002 1874 1962 1818 1895 1939 1966 1952 1970 2047 1952 2064 1827 1968 1889 1974 2037 1954 1932 2045 1967 1933 1906 1942 1908 1919 2028 1971 1988 1802 2000 1978 1881 1914 1871 2126 2046 2011 2061 1900 1953 2052 1935 1861 1973 2094 1996 1895 1934 1963 1968 1883 1989 1934 1924 1981 1945 1889 1960 1865 1959 2019 1909 1976 1883 1939 2005 2005 1926 1915 1882 2064 1998 2037 1999 2019 1830 1888
1874 1791 2007 1824 1873 1968 1929 1842 1922 1864 1942 1831 1889 1960 1982 1920 1927 1934 1923 1879 1903 1885 2037 1913 1935 1860 1879 1899 1971 1923 1864 1882 1971 1869 1929 1924 1936 1842 1875 1827 1984 1841 1901 1905 1992 2003 1902 1875 1942 1976 1915 1962 1943 1875 1890 1920 1958 1909 1855 1885 1887 1913 1976 1938 1932 1884 1933 1804 1789 1835 1869 1927 1841 2002 1853 1900 1928 1807 1883 1952 1864 1935 1842 1805 1806 1972 1719 1922 1925 1879 2011 1876 1938 1837 1925 1792 1881 1805 1901 1775 1902 2071 1853 1887 1888 1869 1988 1852 2019 1917 1980 1913 1959 1966 1892 1929 1953 1828 1825 2004 1916 1874 1849 1816 1916 1963 1862 1882 1917 1978 1911 1867 1997 1967 1883 1906 1827 1901 1952 1849 1920 1916 1933 1993 1869 1923 1907 1869 1869 1907 1867 1831 1995 1924 1953 1992 1858 1823 1950 1878 1839 1927 1847 2028 1897 1917 1960 1856 1885 1878 1875 1841 1913 1944 1740 1937 1892 1866 1911 1894 1930 1969 1763 1842 1962 1920 2040 1963 1907 1837 1947 1914 1923 1892 1965 1902 1890 1978 1998 1834 1882 1949 1761 1777 1852 1856 1954 1890 1785 1910 1888 1956 1941 1880 1875 1867 1963 1968 2047 1806 1866 1909 1919 1905 1931 1987 1916 1986 1855 1948 1938 1936 1840 1838 1982 1884 1895 1891 1917 1828 1926 1897 1947 2047 1931 1883 1901 1941 2014 1958 1943 1972 1847 1845 1871 1826 1881 1864 1896 1777 1836 1844 1939 1873 1975 1809 1774 1997 1881 1900 1909 1870 1924 1769 1883 1998 1916 1948 1910 1860 1977 2036 1934 1924 1878 1946 2031 1801 1922 1864 1872 1910 1866 1764 1940 1976 1914 1891 1944 1912 1867 1965 1953 2024 1965 1943 1839 1875 1897 1970 1834 1907 1984 1869 1921 2045 1801 1799 1975 1792 1864 1872 1908 1841 1961 1935 1866 1952 1896 1980 1873 1879 1992 1883 1839 1885 1873 1992 1885 1946 1900 1796 1798 1766 1986 1929 1848 1999 1913 1894 1804 1804 1952 1902 1894 1963 1871 1892 1886 1915 1950 1969 1899 2024 1975 1956 1932 1922 1845 1924 1914 1960 1950 1863 2002 1933 1935 1974 1898 1861 1755 1995 1867 1925 1858 1831 1965 1979 1864 2010 1890 1955 2014 1926 2014 1873 1916 1934 1921 1834 2023 1958 1985 1868 2001 1811 1896 1925 1981 1979 1921 2003 1918 1885 1900 1977 1833 1981 1935 1973 1860 1957 1849 1899 1959 1900 1902 1713 1934 1859 1929 1808 1810 1889 1880 1995
