100
50 912
-321 262
378 -142
308 3
-204 102
352 10
-10 -252
-314 -275
-395 -154
-254 61
-220 -313
184 -89
-354 -228
-110 -33
-71 191
339 99
-209 -266
131 165
146 -32
66 -230
-275 -289
345 -166
-294 33
4 284
139 -150
83 -245
220 -134
-34 -187
-212 51
-345 5
180 125
-301 -320
0 -152
133 415
425 2
32 -263
287 94
236 248
43 -176
213 8
123 -232
146 422
352 144
189 29
183 -394
81 -440
-193 -299
-244 78
202 -336
-193 236
106 -52
50 2014
-786 119
-90 210
-297 -573
-330 -521
883 374
506 749
253 2
-978 1
-249 -796
564 -107
-3 978
-168 -525
-822 532
427 391
262 219
-873 -25
-591 -387
518 242
-504 -416
531 -521
-768 -229
653 -490
-331 193
280 244
-288 -411
-26 4
-419 -267
-188 367
718 367
-232 -519
556 87
275 -356
712 60
74 -708
-335 -108
-634 686
-173 429
477 -401
653 394
890 433
693 -326
30 -868
25 -657
-601 756
435 -465
-472 601
445 830
758 114
-394 535
418 -601
50 1986
-636 166
-504 192
570 306
-189 731
-449 -811
16 920
595 -6
325 660
-615 624
-764 519
-537 -595
-747 -583
139 -241
389 803
-539 327
208 710
-639 681
259 375
-603 64
-38 -160
77 -472
-123 -298
221 286
-139 -670
-551 -140
-163 127
-544 -210
-366 -302
755 64
61 42
-289 805
-213 -592
-35 29
107 26
423 -592
-496 -79
-351 675
-255 -224
-337 905
-584 697
-701 121
-632 -645
77 -150
141 538
-710 -73
-88 901
-480 48
436 -354
172 635
135 -341
50 68
-27 9
23 -1
1 -3
20 26
-29 13
-25 -1
-22 -18
-24 11
5 -2
-28 0
-13 -2
-24 -16
-14 -13
5 -7
-15 27
4 -15
25 -15
-15 -19
-10 4
28 3
6 5
-1 17
-4 -24
11 -14
-17 21
2 -9
4 14
24 -9
-10 0
27 -10
12 12
-20 -23
12 -23
-1 -20
-17 26
0 -13
32 -4
-16 6
25 19
28 14
9 -8
-8 -31
-16 -26
16 -25
26 -12
3 32
-26 11
17 5
-18 10
19 -17
50 1138
-159 -140
364 -411
-127 -391
183 -64
195 402
447 115
378 58
-182 -96
-17 245
116 524
362 -192
-276 173
-53 400
59 -310
500 124
-163 266
268 359
-230 -186
282 48
476 -192
-95 -114
242 448
-243 314
-75 -295
74 -450
-474 98
127 -136
-56 -113
457 -58
-66 -30
-5 368
539 54
-69 -537
-82 -252
147 -59
-533 54
-52 -555
-39 -233
-183 -291
249 483
-250 -315
-80 304
-42 488
226 127
-249 102
58 -12
357 -358
409 60
-100 -106
-465 -93
50 1332
-55 -661
-391 159
436 191
-140 326
96 223
-237 425
85 457
-182 279
-545 369
-305 262
-157 -600
-260 339
-269 -25
-514 269
5 187
-175 -451
105 211
348 -257
90 -641
2 183
52 -26
49 -367
153 -275
311 225
582 -16
50 245
-321 -278
353 -271
-96 -317
-377 -154
-293 444
-332 -42
-55 -143
-89 264
19 -113
401 -29
-214 92
-37 137
-193 106
-72 98
205 85
-604 222
-414 161
54 -33
19 -225
428 216
-58 -360
406 -132
-482 364
-489 101
50 280
-57 53
-120 -2
45 -44
12 105
-32 112
-95 56
79 -90
88 -8
-60 -98
-57 -12
66 -85
30 44
85 11
84 105
-79 79
86 10
31 -119
-56 112
92 -56
20 -127
-26 -44
65 25
49 -84
66 120
-99 30
115 71
48 -9
52 -72
-63 -48
103 1
60 -20
-122 -18
88 -106
103 -14
-55 33
46 -116
71 -43
0 -101
7 -74
5 87
-47 -20
46 -34
25 134
110 80
-24 73
139 -6
78 -73
-80 69
-49 102
22 125
8 1602
642 227
436 157
-295 503
-552 247
-74 62
-330 -603
-668 365
285 580
50 78
-7 -38
28 26
-9 -9
-26 -22
20 -31
0 -29
6 -1
14 14
23 -13
31 -5
34 7
22 24
18 28
27 9
-13 -28
7 0
12 -8
26 -7
21 16
-4 14
24 12
-15 34
15 34
5 23
28 -2
-30 -18
11 19
-10 -30
-9 -15
6 5
-2 -11
-16 -15
-31 7
-17 10
21 -29
17 -31
-1 0
-24 -7
-16 13
-17 4
-14 30
8 6
8 23
-1 -35
-8 -4
-22 -19
-10 4
32 19
5 -22
-19 1
50 112
30 23
-53 -10
49 12
-27 31
-3 14
-20 35
8 -34
29 -21
17 10
18 24
-4 -36
29 3
3 13
6 22
43 32
-28 -13
19 9
9 -30
-5 -30
45 -2
-29 29
14 36
19 -32
38 -3
18 -22
28 -25
-5 31
-4 55
-33 -18
6 32
43 -29
-11 -33
-27 35
-25 48
-12 -18
-34 -9
26 -41
48 10
-41 18
11 8
1 -13
21 -6
-33 21
-44 -15
25 -48
-14 -5
-28 -34
41 -37
5 25
-29 26
26 1612
584 -345
140 717
-300 -703
-454 34
452 598
442 -283
-308 -648
-182 -314
-38 -434
522 -324
54 416
275 9
508 327
-276 120
-728 331
612 237
-141 -464
-552 144
376 246
142 -604
113 -531
-216 115
-114 484
0 514
-28 177
623 -184
50 1622
473 -616
574 365
-197 673
-310 531
17 -424
-501 520
-389 -194
527 442
-28 499
270 329
-603 132
328 -342
-511 -357
-55 -253
-524 265
697 278
168 641
-571 -298
-25 -613
-177 -100
-394 -493
-4 -727
-659 382
-686 -21
-693 -390
-791 -51
-30 -192
293 -412
626 -61
679 -380
379 -324
-326 347
658 -95
-4 -312
358 626
-352 195
-373 336
-139 -186
267 697
628 306
-263 644
144 -762
191 -405
244 299
-734 216
-292 -448
-53 -110
-32 -543
-584 224
-171 478
50 1282
-388 101
325 -230
290 -400
477 -359
-565 60
181 -294
-385 66
-255 -568
406 364
526 -269
-173 -181
380 -308
-557 -301
65 54
-22 575
-103 -455
-51 -359
311 283
-537 -316
-26 -625
444 207
-277 59
-468 381
-348 -516
383 266
168 -452
196 -15
-114 206
608 0
263 155
-311 -66
185 434
260 -157
-470 169
113 -515
343 -203
618 23
272 449
533 -315
-479 213
-179 -136
560 75
-84 74
-541 -15
120 503
214 299
394 338
475 -135
425 244
537 -33
50 182
-64 -47
23 79
53 -5
15 -59
75 13
21 7
-55 -12
46 -25
4 -87
75 -12
-2 57
44 34
67 1
89 6
19 -77
-67 -31
-12 76
-8 -2
73 -4
-16 25
26 26
-57 -54
1 -6
-7 -87
60 14
-61 45
-20 59
-31 -72
41 7
54 65
0 42
66 4
-40 -9
-44 -27
-20 33
-21 26
-71 -17
25 -3
56 32
-68 -48
-22 71
-9 -34
-60 16
-30 -83
-21 -45
48 11
-30 -25
82 -23
-13 23
-17 -89
50 168
-47 -58
19 32
27 -2
-48 60
-56 -16
-31 -28
-36 22
-52 -30
5 -57
-41 63
-55 32
16 -36
17 -68
-18 -61
-20 -63
-13 37
-15 -46
-36 -26
65 -41
22 50
6 -2
-24 55
-15 -11
54 -37
6 -68
71 -1
29 -38
17 57
-32 -36
64 -32
11 38
36 -57
-25 -41
15 21
27 -48
55 -61
-11 -35
0 82
10 -20
19 -59
31 56
-23 23
-43 15
15 -26
-7 67
56 4
-21 49
-4 79
-67 -44
-77 -33
45 126
35 -21
53 -14
-1 -29
-50 4
-2 23
-3 3
30 -9
20 -11
-29 16
-33 7
1 30
50 25
22 6
-42 -23
21 -27
33 43
2 -2
-52 -2
36 -28
1 -62
43 -14
13 23
4 45
3 -55
-38 -13
33 -32
54 -32
-5 -5
22 -21
-47 2
17 9
47 1
28 43
28 8
2 58
19 32
-57 -9
-50 38
-25 -52
-26 29
14 -58
-38 2
11 52
41 18
42 -27
50 1404
435 386
-584 97
388 476
-353 -290
-600 -88
190 329
-116 492
111 568
267 229
-509 404
342 348
-127 28
-459 -28
466 -5
-392 -365
-664 108
-560 -322
110 564
-149 -277
670 -119
348 382
116 -409
-665 73
-99 102
437 22
29 -272
-187 -512
20 -310
193 -569
-329 346
-487 40
465 -325
-573 -134
-398 54
514 -218
531 -369
196 -425
161 -369
307 -131
376 96
-98 113
215 320
644 145
621 -11
-288 345
473 96
-446 57
-118 -454
-635 -126
444 433
18 1256
185 444
-321 420
322 443
404 98
-436 369
-137 445
-168 48
-214 -479
51 393
-91 -541
447 270
146 381
-139 -380
-528 -169
309 -50
476 374
-514 222
69 17
50 548
60 -110
193 9
-222 106
202 -44
2 -103
-155 172
-137 -235
240 3
-108 -241
-129 33
-50 223
-18 -228
-249 -104
-91 -141
-134 34
-48 74
-14 -8
-110 248
-41 11
229 -105
82 -185
-8 -273
-4 -181
-164 99
-181 149
266 -7
-151 205
-209 -46
0 -46
-168 -206
40 -41
259 88
175 -131
239 -53
-203 -117
18 86
-149 95
60 -204
118 161
200 17
-108 -197
-212 147
97 188
98 83
-14 -119
-71 -55
-4 -1
238 -118
-44 181
-170 134
50 282
0 135
32 -124
-5 -19
78 21
69 30
-63 74
-50 -36
-36 26
13 -49
118 -56
-61 30
41 88
-21 24
125 25
52 -37
54 42
-21 -61
-119 2
-49 23
-37 81
20 -33
-127 -42
-90 43
92 -18
80 -83
-15 -95
73 -14
56 93
119 59
60 41
9 -80
39 50
-42 28
-100 -3
-95 32
-15 -52
-79 -14
-1 -110
-50 34
138 22
-106 -89
10 -55
8 -94
-43 -131
-20 11
-86 38
-1 -3
58 127
-95 4
-105 74
49 1218
27 15
64 351
-363 -413
211 293
-102 -335
-84 585
207 151
393 54
158 -235
582 -114
317 396
82 -282
-137 395
-10 436
-239 340
-535 21
490 -212
278 228
220 493
-190 87
529 16
19 276
-371 276
-275 131
-318 -470
277 -342
-236 -7
49 -329
-151 5
319 474
-536 95
-376 -92
292 104
546 15
-398 146
-167 -574
31 68
308 -486
-153 -540
-63 -577
469 306
-192 295
-189 -112
-380 391
-163 46
368 174
245 -491
267 -341
467 -196
50 400
66 73
144 26
45 -140
105 56
-109 -97
-44 107
62 11
-10 -174
118 -79
150 -73
-27 -108
46 -68
-84 50
-174 -8
-28 -37
-89 -59
127 31
-47 40
-177 -11
18 65
18 132
-60 157
-160 -82
194 -45
-72 -1
-10 -116
-22 -111
-153 -103
-76 141
-107 71
144 -77
-142 -30
-100 -36
-45 -120
-70 158
-137 -80
-73 -21
-44 127
57 0
28 -154
167 -40
125 -26
-143 9
-25 186
107 -13
152 113
28 -126
-53 -175
60 -104
-89 -45
50 1230
-433 -384
-78 -379
316 -124
144 203
528 -81
-258 -506
-418 -275
296 434
-414 173
301 -248
-439 -321
35 -122
56 -11
322 330
-197 -96
-319 -180
192 -16
-408 344
-418 171
215 -430
332 -303
513 -258
391 213
-305 163
-211 64
-572 65
-16 422
29 518
-374 -258
-392 473
-478 51
-381 -158
-34 -598
232 -221
-78 -406
-400 -70
518 249
432 309
-498 10
-160 386
-27 -448
488 22
30 504
-448 415
9 -431
336 389
594 -23
553 81
32 -387
-373 -370
50 1698
655 -73
-31 -302
805 -187
-311 720
610 -251
-152 321
-571 592
147 -679
541 149
158 -62
459 -89
239 123
-280 701
-666 -256
298 313
424 487
-39 -315
-17 538
-184 827
456 390
106 133
439 -321
-311 -287
-726 319
-21 -464
223 778
-384 388
9 -44
835 -36
126 -625
281 -564
202 -391
-161 110
-248 -799
660 -70
543 554
-687 -167
-245 -660
349 -627
-489 -303
229 -434
280 179
741 -159
183 -321
317 601
-48 294
-546 267
594 -546
384 -6
-50 -429
50 1710
97 -604
-616 563
-498 254
59 -284
418 216
-255 -531
252 -754
278 347
-288 -61
661 300
-20 360
715 -78
-428 737
17 -529
-573 -368
529 -26
-352 -767
-270 503
167 -828
321 454
-216 -765
-15 -699
277 -55
609 394
590 496
-483 694
-449 303
410 693
816 -116
619 -567
-167 -670
-475 -615
423 576
-176 -105
-441 282
-350 177
-210 249
-194 327
-631 -409
483 248
-328 81
-6 -508
-111 416
-113 -99
-269 -456
-223 -476
397 -566
-253 -493
247 -216
566 125
50 610
227 6
-266 -84
215 100
-266 -83
-59 -44
-119 -236
-23 -99
-137 -190
142 216
-37 14
104 42
-187 175
-246 168
-295 15
102 273
20 144
-227 45
82 240
-8 -126
182 -73
-240 179
-156 50
-79 -135
-153 -100
-172 -152
-137 240
87 -107
-74 196
102 -117
187 -2
-81 -251
-217 -121
28 -45
-43 120
-122 -191
166 132
46 -175
253 -19
-12 -253
69 289
226 -59
-75 -67
-153 81
117 11
263 51
-78 -60
-57 265
-221 -190
-273 31
-253 -106
50 1596
-29 -34
66 -15
513 -570
-63 -159
670 -49
122 579
704 -340
698 147
-29 -696
313 385
-342 -204
325 -494
-494 -434
117 695
728 133
-397 -594
25 -200
418 205
-268 107
511 433
366 -583
-10 -692
460 -299
-24 -186
-130 746
355 -259
-118 510
466 -340
759 -6
-237 -162
-525 -149
430 -521
-262 -436
-547 121
-377 -441
544 491
-423 444
566 165
-746 87
550 99
-546 493
416 -33
630 14
36 685
-133 176
747 230
214 -668
506 573
30 354
439 316
50 1826
-525 -551
768 469
235 406
-600 378
670 -457
-614 477
732 464
-9 385
-479 -765
171 428
670 -103
-552 -482
-337 439
473 -402
363 527
-643 -631
-528 -399
-669 339
-713 122
349 -731
506 13
732 -35
-80 884
-375 547
464 418
138 527
-447 -74
-336 -576
153 598
-248 214
-248 -679
176 -311
-40 330
-109 -778
-346 -232
515 -209
-229 -615
367 -548
-655 -327
627 -10
-151 204
76 -262
-269 445
-551 627
238 -9
318 82
373 658
-439 -754
117 -491
596 591
2 136
42 53
20 0
5 634
-27 11
154 262
-182 145
-113 42
124 -50
41 448
99 -162
-109 76
197 -96
-90 -194
-149 122
123 158
-15 -40
-150 156
-171 -143
48 111
-46 -203
204 10
-45 219
6 175
107 62
35 76
-6 99
-196 -29
-124 79
86 60
-118 -175
-156 33
-209 39
-186 2
47 117
110 86
-41 -40
-130 -173
116 12
-3 -85
-145 3
-67 96
-13 -9
-219 28
-34 -44
-82 -73
-45 201
184 -86
67 91
161 81
-217 -25
50 526
-193 -133
-22 171
-129 185
25 -78
-164 76
-53 -120
38 82
17 163
55 -139
-151 -146
13 -153
112 201
160 -202
-57 -181
-226 -48
-99 -110
215 119
11 128
-49 -205
235 -114
1 58
-44 -36
78 72
-23 -201
-76 -175
-49 -12
-134 73
-100 234
-195 -80
71 31
-163 -87
-76 -155
187 -130
5 195
66 1
143 -49
204 114
214 129
239 93
-40 188
68 74
148 -187
-65 192
185 43
150 74
162 -85
-30 88
21 43
-51 -249
222 -103
50 1158
73 -291
-267 -105
251 -209
-185 -190
-378 -130
89 -557
65 -182
505 125
254 -115
266 24
-18 256
200 -480
161 -163
-511 -225
-486 -262
-84 -312
340 -362
360 -347
-226 422
5 -281
-63 378
70 -296
-127 360
-481 75
56 327
-196 346
-473 -220
54 -283
138 367
402 101
-9 202
-75 28
182 -262
-16 -476
-272 447
141 -343
-325 281
-45 245
-117 339
451 26
551 -94
262 -39
-485 -191
-223 56
207 179
-203 -35
94 -472
-323 -450
-168 -1
258 -57
7 94
-29 14
-22 -17
20 -16
18 -18
-40 -24
-19 27
39 23
38 394
192 -39
-52 -67
22 162
-79 -83
-53 80
-88 -8
-104 25
-148 22
117 40
-125 0
-2 -4
73 -157
65 171
-72 -176
81 153
3 171
35 1
-100 148
-163 85
112 150
99 -65
-183 -45
58 -126
30 69
-124 101
-155 -53
-43 -13
-126 -85
136 -104
104 141
32 -48
93 91
-22 160
31 -122
-32 -45
36 -106
100 -141
-59 178
50 1786
200 239
-333 188
-26 84
859 -80
-614 28
-310 -660
802 -150
-400 376
-282 -725
750 -112
484 -323
213 -283
456 175
792 -212
-360 55
-315 -824
491 87
149 357
30 -724
34 253
-610 260
-585 -4
142 730
80 791
164 836
-94 594
-313 800
-56 71
221 453
-855 -88
-320 355
85 -82
-287 202
-731 -311
-214 127
-71 865
-546 430
-100 447
700 442
869 -154
-269 99
-603 -331
514 135
841 44
-359 -463
-129 760
-535 427
180 731
-804 -370
-180 -769
50 1430
-209 -281
-226 566
635 79
-110 -91
-379 526
88 -653
429 -50
479 -412
-194 -169
403 527
-357 -155
518 -101
-394 579
-426 221
-140 68
-562 -241
-358 75
-436 -352
-261 -16
-362 -320
-135 285
384 351
278 399
-318 -313
93 280
-666 86
315 27
415 504
129 295
-104 -452
-106 -229
31 -441
-561 -267
17 701
-477 -38
50 -454
8 431
-473 522
624 -32
479 -334
-227 3
-305 155
-21 -467
338 418
96 -371
-620 36
-310 151
262 -543
-316 -618
-119 352
21 1424
-389 154
472 -484
-29 -553
-189 562
156 264
-600 204
-200 283
-51 -90
-273 581
-46 -145
-521 453
-344 -134
-379 -99
331 -456
594 -77
-221 112
-94 17
467 -308
-128 471
-576 -360
-407 -187
50 530
-128 58
-170 156
-7 -93
186 171
101 53
190 85
-22 26
-86 -6
18 -73
127 -207
-42 43
44 238
8 -102
93 -32
210 104
-146 -179
71 163
-223 78
160 -49
-212 -41
224 -58
-2 245
44 -207
-147 -38
119 -53
-32 -200
-229 -5
-184 -106
40 257
-171 -51
-83 -210
-82 218
127 -37
164 -103
252 53
-71 102
48 -147
-100 227
90 -178
-142 -13
-122 -175
-60 -35
-68 152
148 100
-108 -32
129 33
128 -214
-74 118
-71 164
7 107
50 960
-3 350
-65 189
227 -105
312 -54
33 -382
157 197
-104 -340
249 39
-311 -241
-167 142
-352 -59
-391 -155
370 -247
252 -144
57 -35
-315 258
-97 -197
-323 -212
-403 110
-177 372
153 412
-16 455
-59 -375
181 189
-16 289
-95 -293
-86 311
343 207
-367 -196
67 427
-197 -225
347 70
-63 -178
-293 -188
136 -78
-403 -71
-120 242
356 -77
177 42
-332 335
-64 60
342 76
332 215
2 79
86 -349
128 271
-38 448
43 -319
297 -347
135 -110
40 988
-414 42
-436 55
-80 -466
-257 -150
-40 401
361 244
92 28
214 -179
322 341
-26 -477
227 424
445 45
322 -87
-65 -82
380 -46
-403 -56
277 -61
-143 -344
-125 28
242 44
384 -61
26 -474
122 -282
359 -248
346 -293
337 -115
-134 -293
283 -325
228 304
-114 -245
-294 222
-314 -128
-349 158
-459 -147
-426 5
90 235
233 395
85 116
-185 -118
-143 -201
50 530
-215 -53
25 49
205 -153
-166 185
205 126
23 154
-102 142
32 177
193 -59
-39 -24
82 93
-202 -81
96 -4
3 65
199 -55
-63 -47
31 45
-1 -121
-199 45
133 80
178 -144
-206 -119
5 10
111 -111
195 -115
-85 7
-167 193
-60 -252
20 44
85 -28
142 -56
-115 19
25 223
-32 163
104 -225
-121 -87
-154 -131
141 -39
-233 -91
36 -127
82 115
20 -2
-38 -134
-82 -217
19 -135
-87 -73
217 35
-39 -132
24 93
-165 -205
32 1352
239 -228
-202 173
519 239
184 -224
-402 537
155 -95
218 -565
-371 -366
285 373
-252 63
284 -235
-85 11
256 -156
311 -77
-578 -39
-537 279
245 204
606 22
-569 355
145 20
-489 -385
383 -365
-89 -22
-66 232
-20 460
78 563
256 -86
34 -322
404 180
-237 42
-264 -242
-191 -376
50 724
121 38
-245 -196
288 -30
77 76
-152 -83
72 -91
-25 -237
123 -130
64 229
-232 -39
-152 318
-311 -91
11 -301
-38 215
-218 122
116 -63
0 142
-54 128
102 239
78 -234
-141 125
-30 -323
-182 -61
314 180
225 229
-93 71
136 124
-360 13
75 -337
17 148
-43 -322
210 -186
318 -168
232 50
19 157
-168 129
-198 181
188 123
-97 -175
-285 -13
198 -240
195 4
-214 141
-40 173
-242 228
14 320
245 -173
52 -175
-16 -273
-238 19
50 1370
-283 -70
-554 291
-313 -548
-111 -171
588 103
-317 -379
321 531
-564 160
-654 198
262 424
-398 -14
-324 -325
428 -38
81 -564
473 -90
622 182
290 140
564 2
-115 -68
-85 172
-162 625
458 -176
-124 -365
290 154
543 299
-279 161
64 -645
603 -316
-437 277
148 -152
-437 353
-341 367
-48 -256
584 -329
266 -465
13 -434
239 511
302 123
393 -345
-205 270
-463 -26
66 -43
179 -387
-234 -103
-339 -252
401 -468
-310 -506
260 511
517 -428
-354 380
50 544
-74 -185
165 -85
167 119
44 -240
-211 107
-219 -122
-28 -230
57 -91
204 177
4 -203
-174 -132
-149 -57
196 76
40 -87
19 30
51 -158
28 235
-140 44
253 -86
146 -99
135 -9
142 231
148 -45
-47 -164
-37 203
253 -43
-255 74
-87 149
-179 2
-35 266
20 -140
236 -32
15 -178
-39 214
113 -157
-188 -182
-13 126
-194 -153
189 -170
121 117
27 71
155 42
-223 73
245 19
-58 22
-12 193
91 173
91 145
155 -94
39 -128
11 686
112 -304
-289 4
279 -136
-244 140
-65 135
159 -236
225 -47
274 -167
103 -130
-262 15
-65 75
2 820
-298 -226
-14 199
50 1022
-83 -331
-13 165
223 -56
-102 -96
-321 165
-179 391
-273 271
180 251
-488 -73
-387 -230
376 -306
52 320
-99 401
-244 -433
314 176
-195 -362
-91 -440
-333 -105
58 -283
-402 147
327 -223
205 -413
-105 -182
350 -210
496 -36
-306 -256
92 12
60 138
-122 -437
128 -339
75 -334
12 241
-218 -361
-100 481
270 -413
315 60
169 -36
-91 461
1 -496
414 14
34 374
203 -189
-320 -312
45 173
-139 -58
243 167
361 -288
-237 191
107 -281
242 59
50 1900
29 -319
-407 641
483 409
522 -188
-790 487
-34 896
-75 -662
752 388
-386 -543
-373 729
-654 100
-254 241
-527 348
71 888
402 -493
-640 302
-464 -328
-655 241
259 -278
116 485
484 476
-656 527
-660 430
-397 -531
499 -605
201 280
-195 -624
-626 273
-155 145
-388 331
-53 -901
300 -260
-613 -641
77 310
-23 -166
307 762
678 274
-149 -928
178 84
-168 -367
48 222
782 -361
218 555
-312 -325
-144 864
782 102
-669 -504
747 -103
433 -710
566 -498
50 1108
-121 -227
-238 258
-189 204
309 -414
-313 369
458 -35
-256 -85
138 -29
387 294
-432 -148
-305 206
102 236
198 266
245 -128
-56 -466
23 328
320 -82
151 69
-71 36
373 53
-117 -481
28 337
-241 154
-212 331
144 -435
-304 111
-164 -13
340 -388
342 10
-282 242
-378 263
-105 -11
-231 490
341 -309
-3 513
27 324
81 32
74 503
330 56
384 5
293 299
102 -493
202 367
105 -98
475 84
346 -375
-193 61
284 -277
-398 -54
-295 -107
2 708
-176 200
120 149
7 1154
-198 -371
-23 114
-37 -517
397 -36
251 209
-348 -130
-403 -352
50 724
212 282
46 -164
176 -9
-153 269
21 -262
42 -3
-136 -324
27 221
-33 214
-306 51
177 48
-225 159
-84 316
118 263
190 -45
-36 -135
201 -99
200 161
112 -343
33 -292
122 -9
127 93
-80 -328
-122 98
337 42
161 -206
-304 -152
-325 120
-107 -239
-93 -168
-62 159
-266 213
-1 119
-93 -50
227 211
150 48
-171 255
-209 -207
187 297
-256 -247
-185 42
184 -33
169 -38
218 87
217 21
-76 208
-294 180
-135 -4
145 7
-58 268
15 70
-6 -24
-4 -7
-8 -20
-1 -12
-18 16
-3 -7
-3 -8
26 -23
25 15
-26 10
-14 7
26 15
22 3
-4 -26
15 9
9 1512
304 125
-426 -291
-633 382
163 -145
50 559
296 23
-312 -218
-28 -668
152 -305
20 204
56 -66
79 12
79 -32
64 -30
46 -12
-82 -28
-72 -19
-8 -63
75 55
-28 -37
93 3
33 -36
-21 23
-45 -40
84 37
70 55
-52 59
19 -62
-32 89
-35 18
50 126
15 49
-22 28
-30 18
42 -41
53 6
44 14
-25 18
-16 24
61 12
37 36
37 -14
-35 52
31 -51
56 23
-55 -1
20 20
19 31
41 25
-23 -17
16 13
-45 -24
47 16
-19 47
-8 57
-29 42
12 31
-41 43
-42 -31
-22 39
45 39
26 1
-45 -40
-37 24
21 5
-42 27
-48 -39
13 -12
-48 -26
27 -48
12 -7
22 4
29 -55
-31 35
-52 -10
-33 46
-23 -4
17 29
9 -18
19 -23
45 1
23 1908
635 353
311 -167
-673 190
717 -260
-266 -49
125 -43
-305 355
178 288
456 -17
-582 -688
-474 -315
595 -129
545 -782
446 349
-9 767
678 580
125 268
820 -87
-143 -651
91 834
105 251
132 -684
218 -385
8 336
86 15
97 102
89 127
16 145
-132 68
-51 56
108 2
-38 99
50 1334
-491 65
377 297
-186 -258
101 218
-248 15
-474 -240
-167 -468
-582 -289
576 250
-260 274
-127 -290
189 22
225 403
-503 3
-354 -161
235 58
283 -387
-607 276
-252 -535
10 -619
-289 -401
-543 197
-523 -330
-321 -560
8 231
-145 -248
101 42
580 -209
163 453
-140 517
-243 456
-14 -217
-479 -105
-287 521
524 63
407 130
-152 -523
-645 99
-404 47
-624 -43
-211 96
-73 482
-345 -496
286 169
458 -299
112 -298
-418 445
20 10
-63 -604
-153 572
17 1462
-449 -67
-598 353
-363 -550
-474 318
-271 524
538 123
200 247
-373 -489
-56 198
-48 46
-240 445
-278 -165
200 390
-30 -329
341 -268
-582 76
123 -646
50 1206
347 315
335 488
234 -81
365 227
76 -504
122 -191
-258 -5
138 -254
413 -36
-408 -442
443 -46
-214 -510
-66 -68
-289 342
-56 -136
578 51
-409 -166
-87 -279
-36 -330
573 -62
205 -48
181 215
68 63
-459 -51
257 11
-267 -444
-153 343
-379 -283
-361 1
-200 -179
-227 -453
140 -535
-214 81
-436 242
234 -294
-443 71
235 77
154 -571
-464 -169
127 -447
-116 -68
-174 -106
-345 90
121 -319
-426 -389
-265 -170
-375 175
-470 70
-298 181
-395 409
10 1926
408 -567
-537 633
-656 478
-15 -45
-772 -12
-505 -5
495 47
-440 210
-514 372
-557 761
50 452
-164 44
99 148
-39 -131
8 32
-91 76
-158 28
59 -174
10 -148
-43 -102
-86 32
110 109
-161 64
151 86
-131 3
15 -168
125 102
-95 -77
153 -36
-28 66
-79 -76
5 -161
-123 -97
73 -97
137 21
63 123
187 82
-178 -26
76 206
-96 48
119 5
-169 -2
30 -199
-215 -40
179 129
107 45
-83 52
12 62
-125 56
-10 185
-38 168
135 -1
54 -214
188 -64
-30 178
-143 -14
63 -128
71 208
50 207
128 93
-38 -176
40 1606
627 12
-396 -546
93 -470
-212 583
599 -44
110 -550
-276 549
-132 -328
705 295
-294 -311
-166 -507
308 550
111 664
-271 209
-190 -677
180 -274
-364 -235
237 -734
310 -588
-216 448
348 -55
-210 -366
-326 -23
-539 -551
724 122
289 545
-450 -556
-366 301
-298 283
-90 -763
340 -608
538 -526
-113 733
38 -477
-347 -399
511 58
257 55
-339 -358
635 -92
129 215
45 672
99 219
214 241
-191 -187
-78 172
-257 140
-2 -22
47 185
-130 48
-61 66
-47 146
-203 -149
-266 -164
10 150
-35 -270
-316 17
298 -12
263 206
-23 -299
-117 -114
319 22
-9 30
25 133
156 277
-65 -299
-50 312
-151 124
234 -131
-235 69
3 139
-130 -201
-96 -201
108 119
295 51
-185 -50
-283 50
196 37
150 248
-30 -124
42 -214
-154 141
-44 -200
-48 -86
-247 184
245 -173
271 135
2 442
-39 -6
124 154
50 80
15 -19
-9 -7
-15 -34
-8 25
-24 -16
18 -21
18 -22
-32 21
-37 15
15 9
33 7
7 -1
16 -35
6 -35
-13 32
-21 10
27 23
8 -28
-13 -16
-2 2
-1 -19
9 -33
28 27
-17 0
-22 8
3 19
9 18
-14 28
30 11
-19 27
26 -20
-10 -25
-10 -30
-27 -26
38 -1
-29 -10
-22 -21
13 -36
22 -7
-7 34
-25 24
30 -2
38 8
-18 20
2 29
1 -13
22 -29
-35 14
-34 20
3 7
33 1652
-458 -22
-261 -335
-484 391
-481 -48
-569 498
266 646
700 -288
-530 -538
564 596
-415 -96
93 668
-345 725
1 138
728 -373
-656 -184
249 -247
629 -428
57 687
-678 58
552 491
-560 -468
-598 147
-208 502
15 -35
13 716
-242 35
-59 465
-395 -478
-541 436
-252 16
15 151
190 737
-10 306
50 1920
-416 752
184 104
-369 271
-75 956
-18 -136
301 -506
693 -370
-14 432
754 -213
-77 505
-581 -732
-27 171
-858 59
-228 -626
-279 765
283 544
701 226
332 114
259 569
5 877
-5 -786
-419 577
876 -185
732 159
-510 707
82 -228
-195 925
-924 167
37 713
185 -190
628 -430
-104 -132
563 216
66 870
257 -245
401 -384
-35 699
365 869
-255 526
-139 -378
569 -251
-619 382
-214 -33
-573 381
79 718
-839 -274
440 414
-374 -35
847 297
186 -612
10 1536
-639 269
472 -232
235 170
-522 -535
62 -90
-154 171
0 645
412 -557
613 -5
137 353
43 1672
-343 510
687 332
-831 70
-498 313
403 -730
54 716
160 -493
335 -442
164 -614
-414 -97
-661 -39
684 -288
-378 -273
-23 9
-659 126
-112 77
-714 -12
-93 766
346 443
61 -415
-97 462
-356 -378
-559 -237
-10 820
-172 428
154 366
159 -93
739 -52
80 -167
-581 245
-21 -422
735 -375
-7 -500
514 -323
-561 -4
-787 -80
-680 -255
427 315
511 413
-255 -248
316 -610
633 247
529 -121
50 1536
117 -137
338 654
-479 -378
-214 568
715 -192
442 427
8 85
-137 -668
-320 577
-48 -288
71 -42
-14 -72
200 96
-146 55
-79 -331
134 748
-292 401
19 536
-231 -37
-650 366
-37 -634
-539 -486
514 514
504 34
-590 -436
592 448
-468 288
-436 -353
-432 175
280 -583
553 -307
568 94
-151 453
-410 214
67 177
628 114
-170 517
-222 -116
-511 -7
191 81
538 176
206 448
177 -503
-9 453
41 513
26 732
-606 -97
-403 166
592 336
-632 -345
38 1320
572 61
-139 594
623 183
104 600
-644 8
-343 -54
95 639
-627 -74
643 -67
-10 -439
-170 280
-253 -279
503 -368
-280 -531
-34 279
-2 -446
-272 322
-311 271
65 124
-510 46
331 -518
138 -86
-643 -118
266 251
80 -348
-415 247
210 -448
-3 445
-103 391
454 474
136 157
167 -532
-443 68
74 580
303 555
-291 -307
-23 429
-393 318
11 804
-309 238
132 65
197 -264
-305 -104
86 176
85 147
-2 118
19 -92
-101 389
237 2
392 25
50 1554
-645 427
-625 -460
-47 -134
-443 557
455 -290
39 513
-134 -92
-351 -151
-673 379
319 383
-303 -157
-258 457
688 -241
-375 -6
-392 548
-193 -231
-497 13
-443 428
-466 375
183 203
-132 672
-44 521
64 299
118 284
259 -177
-420 349
127 392
223 -384
237 700
145 -204
258 -212
190 -676
-391 -168
-2 -725
-422 513
351 -558
-434 371
19 -458
170 -112
-623 6
-601 295
188 -609
-58 356
-7 -647
-342 -388
269 -226
20 137
238 -507
-540 371
168 -132
50 1610
444 563
44 -746
-70 43
-359 135
569 -466
277 -599
312 -599
105 -743
81 156
-240 -206
-374 196
-372 703
-117 -174
355 403
735 -296
-202 412
-78 -102
-274 -567
-15 343
-494 -571
153 -725
136 -779
-502 622
342 541
-759 -28
-655 -440
-625 -387
568 197
-234 217
-24 547
-327 233
344 147
-373 178
741 -48
393 -328
-730 224
644 -132
62 263
224 -727
-34 586
-404 30
-616 -155
-378 -266
-577 -189
-778 -115
494 594
478 -576
-414 -358
393 317
-347 -674
50 370
-110 24
-8 -28
111 -111
-46 8
87 -154
-27 34
65 157
-19 164
72 -29
-22 168
114 -112
-86 -124
-60 91
45 -157
18 120
-59 21
-170 2
13 169
-102 -82
91 -46
-49 -162
126 25
-166 -19
-78 -17
-74 -99
-41 151
126 -8
108 -22
100 -2
-23 -165
-8 -113
-37 -11
-124 36
-37 124
-153 -86
33 -121
-5 34
-120 -133
145 -8
71 -150
21 -71
174 8
132 -112
-113 116
20 -107
14 -105
142 -106
61 -166
-4 110
92 79
13 1630
-554 -472
504 63
-328 -136
316 -336
148 272
304 709
-528 -539
-344 642
242 249
349 -131
25 85
448 -427
235 677
17 910
198 -171
25 -6
440 10
-106 -361
411 -85
253 -37
331 160
-370 31
-25 271
65 87
303 -248
60 -133
-115 241
-139 -355
82 157
320 -139
237 266
11 604
39 -211
-179 229
-30 153
-1 200
-78 -286
106 -188
-2 295
-123 175
-87 -156
183 -43
-92 -202
49 150
34 -47
-49 -32
-50 -44
-68 -22
18 -67
-10 -27
-4 16
22 60
-22 -63
36 -33
8 -2
23 -64
51 37
-54 21
4 -72
-21 39
20 -36
49 50
17 -49
43 43
37 -37
19 59
-31 60
-20 22
30 -33
-71 -5
9 -55
-37 -43
31 40
34 23
61 -29
38 8
-11 16
-7 24
27 30
-53 48
26 40
-46 22
-57 -11
2 -69
60 -1
18 1
50 -28
-26 11
-9 -30
5 9
-15 24
5 -30
-13 -21
19 1846
-511 -206
-801 442
85 -146
-98 -84
135 -385
-48 912
-260 883
254 14
-427 303
193 -516
98 -313
334 -718
300 -486
-115 -239
508 410
-293 642
-234 671
-507 -606
13 -834
2 1246
-306 -416
203 -392
50 710
-172 122
-136 140
241 -126
-200 -19
164 97
-132 -5
228 -194
-167 -58
36 32
193 20
-339 91
269 -19
-288 176
-313 27
-33 279
-65 -150
40 -196
-205 22
-278 -140
78 82
109 -290
-107 131
-169 -248
169 41
-28 -327
-26 -233
263 -101
143 -319
110 97
84 173
-89 -143
-41 242
-124 168
207 -127
81 24
-121 329
241 174
-137 -270
-105 -322
50 -130
-292 126
26 341
-90 -207
21 -257
-101 15
-12 -81
-160 171
-42 248
229 266
-280 -148
50 772
-374 32
-166 257
2 -184
312 -134
212 111
251 25
-341 -111
149 200
51 186
-19 -256
-157 -28
201 -52
181 224
-222 206
209 -30
4 230
-221 -2
86 -17
5 218
139 -10
359 -81
252 -222
-1 292
15 -247
-24 349
127 309
136 -346
54 96
-34 -155
56 128
-88 222
-70 -26
182 312
114 -64
35 -224
127 327
148 17
204 -162
237 12
-295 -59
-91 41
-337 -182
-108 124
-18 283
-133 100
-169 79
25 275
99 49
117 -308
-46 -211
50 1332
-291 -556
-259 -127
-436 223
254 507
-23 413
-427 -311
634 -191
139 185
182 522
-97 498
-121 615
611 16
267 -42
-493 444
-385 234
-110 -10
-350 235
-219 -288
-145 74
195 -141
-72 -559
-274 -509
0 -188
-443 -30
72 -449
340 156
-232 -143
-260 -601
-124 -435
-368 -3
-562 -129
-515 -166
-186 605
-85 334
-174 -129
145 -595
-4 195
-651 -127
-300 521
176 84
-648 152
414 -191
-393 -102
278 432
-283 313
-491 -404
373 65
-124 -563
578 79
275 19
50 1382
259 281
-300 296
-218 539
-56 227
158 171
-367 582
-308 114
554 404
43 403
173 -610
-266 500
-287 -331
116 -423
226 -305
-224 545
33 419
-116 597
125 -413
-516 61
-29 408
-249 457
397 -22
-646 27
-330 -506
16 -120
-348 101
-152 -660
-212 343
32 590
-392 -440
-166 441
292 -28
413 498
248 -358
-162 -562
216 -5
457 113
-489 483
-443 -118
671 -73
100 -93
-334 420
229 -9
-6 524
-177 -528
-228 -5
-647 -89
61 -304
582 -178
-73 -529
50 382
157 46
71 80
-72 93
23 -116
-22 -90
-95 -24
-109 89
-93 54
-125 126
82 163
-125 -2
100 149
20 21
-14 106
-141 -29
-152 -46
-159 -24
9 11
44 115
-157 -51
45 -25
-28 142
-5 186
-8 -6
85 -82
28 100
112 -150
18 88
-45 108
85 -67
106 -34
134 -20
-80 51
-93 19
33 -40
-60 -159
-120 -76
126 -20
125 130
88 -62
53 -169
14 -74
-7 92
-141 -22
57 -2
71 -140
-123 17
-145 -116
107 47
-50 -125
14 88
-26 -9
8 -18
32 9
4 -29
14 -40
-1 -27
-7 32
19 -5
30 -32
26 -20
-14 35
-10 31
3 14
1 37
39 1618
28 -128
353 513
233 -591
-285 -174
119 576
-514 -621
263 -663
46 316
344 527
114 -363
590 -409
-418 -63
642 -308
-602 -137
52 -116
115 478
182 776
-580 485
-28 -194
-402 121
424 -37
391 454
-341 330
118 -701
66 437
-53 -283
85 569
649 -65
-389 -610
-380 -529
348 -156
-181 391
-20 245
630 183
-595 -200
-275 686
27 -640
-517 427
-63 415
7 1400
-169 21
-590 -213
-83 -20
-575 -6
-308 -404
-174 -351
198 96
50 298
-30 -126
-11 -119
-142 45
-38 -25
-54 -78
31 -125
-123 4
-41 -106
4 -6
-27 142
7 -86
-29 -77
63 -128
10 -134
40 -108
-123 -56
-61 43
29 -135
41 -91
0 -40
93 42
106 44
-104 -22
-10 -18
-22 22
56 96
-93 59
-16 86
-85 114
-115 33
12 41
86 -114
-20 -97
-139 -14
110 77
-105 76
33 -130
-69 63
1 27
-49 -115
64 104
-86 -22
-42 96
124 52
42 39
31 129
-77 -16
-58 -113
110 66
117 -21
14 1100
239 30
-535 -49
-139 304
-259 -39
53 247
277 -390
-260 51
-470 184
-178 41
94 -388
201 -409
-409 316
26 455
415 -37
39 510
46 -206
117 -94
199 159
-121 83
186 -151
76 150
-134 215
-219 32
127 -61
131 -157
105 126
60 220
-60 245
35 -219
-169 -133
6 -64
-16 51
-7 -98
24 209
68 -120
-62 208
-70 -6
91 145
-153 -137
-129 -176
40 -23
-137 133
3 -157
-27 39
199 -90
48 -190
98 -123
77 224
161 -26
-42 166
-227 -26
-130 179
47 -88
-159 -34
8 1766
835 -5
-374 535
-618 576
-547 -673
-155 -419
13 -795
81 582
-562 667
2 1058
-4 91
-26 142
50 410
37 -44
150 135
-85 84
-178 -10
-134 154
63 -7
134 -101
119 31
48 137
13 31
39 -26
52 -23
-37 -171
-88 6
-56 88
128 24
-174 -88
-56 189
-150 -117
107 20
-87 185
-78 147
13 -156
80 5
-71 48
-104 -154
-92 -174
-35 136
163 107
70 48
1 -199
70 98
-40 148
-64 71
159 28
123 9
-14 -26
-4 58
-28 -3
-60 89
-62 -121
-61 125
-165 92
-119 -10
-112 -33
-91 148
49 115
108 -65
141 53
118 -31
13 486
-238 36
36 -225
83 131
-43 -222
69 204
4 50
85 14
219 -75
85 -120
12 224
-161 69
-23 -23
237 21
