10 2 6
2 5 7 8 9 10
20 2 9
2 7 9 12 13 15 16 17 20
30 9 12
2 9 12 17 18 19 20 23 24 25 29 30
40 8 16
2 7 8 9 15 16 17 18 21 22 23 27 30 35 37 40
50 12 29
1 3 4 5 6 7 9 10 11 15 16 20 24 25 26 27 28 30 34 35 37 38 39 42 43 46 47 48 50
60 12 31
2 4 5 7 10 13 16 20 21 25 26 28 29 30 31 32 35 36 37 39 43 44 45 46 47 48 51 52 54 57 59
70 19 42
1 2 4 6 10 12 14 17 24 26 29 30 31 32 34 36 38 39 40 41 43 44 45 46 47 48 50 51 52 53 57 58 59 60 61 62 63 65 66 68 69 70
80 30 39
2 4 6 7 9 10 12 14 16 17 19 20 23 25 26 27 29 32 36 38 42 43 45 46 50 51 54 56 58 64 65 66 69 71 72 73 75 78 79
90 16 44
1 4 8 12 14 15 20 21 23 26 28 29 30 31 32 34 39 41 44 45 46 51 52 54 57 58 61 64 66 67 69 70 71 72 73 75 77 78 79 81 83 86 87 88
100 26 52
1 2 3 5 7 8 11 13 14 15 18 23 24 26 27 28 29 30 33 35 37 38 40 42 43 44 45 48 49 50 54 57 59 60 61 63 64 67 68 69 70 71 72 75 77 79 84 92 94 95 98 99
